0.0 0.0625 0.0275 0.095 0.055
0.0 0.005 0.0 0.01 0.0
0.0 0.1825 0.0125 0.085 0.025
0.0 0.2725 0.05 0.195 0.1
0.0 0.185 0.1375 0.15 0.105
0.0 0.03 0.1325 0.06 0.265
0.0 0.115 0.57 0.16 0.07
0.0 0.1025 0.805 0.205 0.08
0.0 0.005 0.8475 0.01 0.245
0.0 0.1825 0.975 0.055 0.05
0.0 0.395 0.9875 0.05 0.025
0.0 0.3075 0.93 0.085 0.06
0.0 0.3875 0.7575 0.075 0.145
0.0 0.4125 0.6125 0.085 0.075
0.0 0.67 0.5925 0.13 0.115
0.0 0.5575 0.6675 0.125 0.185
0.0 0.9025 0.6525 0.105 0.225
0.0 0.73 0.95 0.14 0.1
0.0 0.51 0.355 0.25 0.09
0.0 0.6975 0.3375 0.105 0.145
0.0 0.81 0.37 0.05 0.08
0.0 0.9225 0.325 0.155 0.23
0.0 0.775 0.1625 0.2 0.175
0.0 0.6625 0.0725 0.125 0.095
0.0 0.53 0.0125 0.19 0.025
0.0 0.3575 0.25 0.285 0.1
0.0 0.3 0.435 0.19 0.09
