0.0 0.571875 0.30625 0.028125 0.034375
0.0 0.47187500000000004 0.325 0.0359375 0.0421875
0.0 0.2890625 0.34375 0.03125 0.0265625
0.0 0.4625 0.353125 0.0484375 0.0421875
0.0 0.38125 0.3546875 0.0234375 0.0453125
0.0 0.578125 0.365625 0.0296875 0.059375
0.0 0.28125 0.38125 0.0546875 0.0390625
0.0 0.5015625 0.38125 0.025 0.0234375
0.0 0.36250000000000004 0.390625 0.03125 0.0234375
0.0 0.653125 0.3984375 0.04375 0.065625
0.0 0.234375 0.4015625 0.03125 0.06875
0.0 0.375 0.4078125 0.0765625 0.0515625
0.0 0.5484375 0.4078125 0.040625 0.1328125
0.0 0.4359375 0.41875 0.034375 0.034375
0.0 0.60625 0.4328125 0.0609375 0.078125
0.0 0.19062500000000004 0.465625 0.040625 0.0875
0.0 0.628125 0.471875 0.0359375 0.0234375
0.0 0.5140625 0.4796875 0.0453125 0.0375
0.0 0.50625 0.48125 0.053125 0.0765625
0.0 0.2421875 0.48125 0.05 0.0703125
0.0 0.31718749999999996 0.4875 0.1 0.05625
0.0 0.45781249999999996 0.4890625 0.0296875 0.0421875
0.0 0.4203125 0.503125 0.046875 0.0671875
0.0 0.275 0.5203125 0.0453125 0.03125
0.0 0.75 0.5203125 0.1453125 0.0359375
0.0 0.3734375 0.540625 0.028125 0.0578125
0.0 0.6125 0.5421875 0.0265625 0.0421875
0.0 0.475 0.54375 0.0296875 0.0421875
0.0 0.290625 0.546875 0.065625 0.0484375
0.0 0.20937499999999998 0.5578125 0.0734375 0.1078125
0.0 0.3203125 0.5828125 0.0390625 0.0640625
0.0 0.40156250000000004 0.5875 0.0375 0.03125
0.0 0.75 0.5921875 0.0328125 0.0921875
0.0 0.5640625 0.609375 0.034375 0.0703125
0.0 0.36875 0.609375 0.034375 0.0265625
0.0 0.628125 0.6140625 0.05 0.0953125
0.0 0.49687499999999996 0.6140625 0.0421875 0.0640625
0.0 0.6984375 0.61875 0.0671875 0.0578125
0.0 0.36250000000000004 0.675 0.021875 0.021875
0.0 0.271875 0.6765625 0.0640625 0.03125
0.0 0.7546875 0.7 0.0578125 0.0671875
0.0 0.39531249999999996 0.715625 0.075 0.06875
0.0 0.5453125 0.728125 0.1015625 0.0734375
0.0 0.4203125 0.74375 0.0640625 0.0765625
0.0 0.61875 0.753125 0.040625 0.05
0.0 0.46875 0.2265625 0.0328125 0.0421875
0.0 0.3765625 0.23125 0.0265625 0.0359375
