0.0 0.7046875 0.2421875 0.040625 0.0390625
0.0 0.7921875 0.2328125 0.0265625 0.0171875
0.0 0.8078125 0.30625 0.040625 0.05625
0.0 0.74375 0.3265625 0.053125 0.0484375
0.0 0.7171875 0.384375 0.090625 0.06875
0.0 0.8578125 0.40625 0.0546875 0.0390625
0.0 0.6265625 0.303125 0.040625 0.0640625
0.0 0.5890625 0.271875 0.05 0.040625
0.0 0.509375 0.3265625 0.025 0.053125
0.0 0.49375 0.321875 0.075 0.028125
0.0 0.521875 0.4375 0.053125 0.0359375
0.0 0.421875 0.490625 0.0359375 0.034375
0.0 0.5359375 0.5296875 0.0390625 0.0171875
0.0 0.41718750000000004 0.59375 0.025 0.040625
0.0 0.3265625 0.48125 0.03125 0.04375
0.0 0.3140625 0.5234375 0.0703125 0.028125
0.0 0.19374999999999998 0.5046875 0.034375 0.0203125
0.0 0.25625 0.4046875 0.0234375 0.028125
0.0 0.26249999999999996 0.659375 0.065625 0.0203125
0.0 0.2578125 0.6703125 0.021875 0.0828125
0.0 0.31718749999999996 0.61875 0.0390625 0.0453125
0.0 0.29218750000000004 0.6265625 0.0234375 0.028125
0.0 0.42500000000000004 0.68125 0.09375 0.0265625
0.0 0.41718750000000004 0.64375 0.05625 0.0609375
0.0 0.19843750000000004 0.6640625 0.028125 0.021875
0.0 0.1640625 0.675 0.0296875 0.040625
0.0 0.125 0.684375 0.0171875 0.0234375
0.0 0.07968750000000002 0.6625 0.0234375 0.0578125
0.0 0.0546875 0.703125 0.021875 0.021875
0.0 0.0859375 0.715625 0.0234375 0.0359375
0.0 0.1953125 0.765625 0.0203125 0.01875
0.0 0.1875 0.809375 0.0203125 0.040625
0.0 0.14218750000000002 0.803125 0.0359375 0.0171875
0.0 0.1015625 0.8171875 0.01875 0.021875
0.0 0.4234375 0.8125 0.034375 0.0296875
0.0 0.559375 0.8171875 0.04375 0.021875
0.0 0.5078125 0.73125 0.0453125 0.053125
0.0 0.5984375 0.7109375 0.0453125 0.021875
0.0 0.6546875 0.7421875 0.0578125 0.034375
0.0 0.8359375 0.759375 0.01875 0.0234375
