0.0 0.296875 0.3 0.065625 0.0640625
0.0 0.384375 0.3046875 0.0421875 0.0375
0.0 0.43437499999999996 0.3109375 0.0203125 0.0234375
0.0 0.44999999999999996 0.2828125 0.0296875 0.0234375
0.0 0.30937499999999996 0.3953125 0.0359375 0.028125
0.0 0.3921875 0.375 0.0171875 0.0203125
0.0 0.41093749999999996 0.3890625 0.0171875 0.0203125
0.0 0.4234375 0.4296875 0.0625 0.01875
0.0 0.4546875 0.4046875 0.0203125 0.0203125
0.0 0.37812500000000004 0.475 0.021875 0.021875
0.0 0.33906250000000004 0.5 0.0390625 0.021875
0.0 0.24687499999999996 0.5078125 0.0171875 0.0265625
0.0 0.30625 0.546875 0.0578125 0.0609375
0.0 0.4703125 0.5078125 0.015625 0.05
0.0 0.50625 0.4984375 0.0359375 0.046875
0.0 0.540625 0.4828125 0.01875 0.0359375
0.0 0.5515625 0.5578125 0.04375 0.040625
0.0 0.5890625 0.525 0.015625 0.025
0.0 0.6140625 0.5375 0.05 0.0859375
0.0 0.615625 0.45 0.01875 0.0390625
0.0 0.5609375 0.421875 0.01875 0.0484375
0.0 0.5265625 0.41875 0.01875 0.0359375
0.0 0.48906249999999996 0.4140625 0.0296875 0.046875
0.0 0.7578125 0.678125 0.090625 0.021875
0.0 0.684375 0.7046875 0.04375 0.03125
0.0 0.6640625 0.6703125 0.046875 0.028125
0.0 0.66875 0.628125 0.0328125 0.0265625
0.0 0.703125 0.628125 0.021875 0.0578125
0.0 0.7328125 0.5984375 0.0171875 0.05
0.0 0.7265625 0.54375 0.04375 0.0390625
0.0 0.665625 0.571875 0.059375 0.04375
0.0 0.6703125 0.50625 0.034375 0.0609375
0.0 0.703125 0.38125 0.0265625 0.01875
0.0 0.5921875 0.3640625 0.0609375 0.0390625
0.0 0.5453125 0.375 0.0171875 0.0265625
0.0 0.6515625 0.3 0.025 0.0640625
0.0 0.6140625 0.325 0.053125 0.0484375
0.0 0.571875 0.3203125 0.0265625 0.03125
0.0 0.5375 0.334375 0.021875 0.03125
0.0 0.584375 0.2703125 0.034375 0.053125
0.0 0.5140625 0.3390625 0.0171875 0.025
0.0 0.475 0.35 0.028125 0.025
0.0 0.4984375 0.3140625 0.0453125 0.0390625
0.0 0.49375 0.275 0.059375 0.03125
0.0 0.4765625 0.690625 0.0203125 0.0421875
