0.0 0.609375 0.25625 0.1125 0.1390625
0.0 0.47968750000000004 0.2671875 0.071875 0.05625
0.0 0.234375 0.284375 0.115625 0.10625
0.0 0.44375 0.3328125 0.053125 0.0390625
0.0 0.32343750000000004 0.3328125 0.0390625 0.034375
0.0 0.384375 0.3515625 0.0484375 0.1296875
0.0 0.3578125 0.371875 0.0234375 0.096875
0.0 0.6796875 0.3796875 0.028125 0.04375
0.0 0.2109375 0.396875 0.0828125 0.06875
0.0 0.3203125 0.396875 0.0234375 0.05
0.0 0.2796875 0.4015625 0.0265625 0.0640625
0.0 0.6328125 0.421875 0.065625 0.040625
0.0 0.22812500000000002 0.4453125 0.0765625 0.1578125
0.0 0.3125 0.4546875 0.04375 0.0359375
0.0 0.571875 0.4671875 0.06875 0.084375
0.0 0.234375 0.4671875 0.0328125 0.0453125
0.0 0.6046875 0.4703125 0.0296875 0.040625
0.0 0.44375 0.475 0.0359375 0.1
0.0 0.71875 0.48125 0.0828125 0.1125
0.0 0.2890625 0.4890625 0.0421875 0.0625
0.0 0.3359375 0.4984375 0.04375 0.04375
0.0 0.13593750000000004 0.5046875 0.0703125 0.1234375
0.0 0.65 0.51875 0.040625 0.053125
0.0 0.234375 0.5265625 0.0421875 0.0671875
0.0 0.4 0.5328125 0.0859375 0.0359375
0.0 0.5125 0.54375 0.0421875 0.0578125
0.0 0.56875 0.571875 0.040625 0.0640625
0.0 0.36406249999999996 0.590625 0.046875 0.0921875
0.0 0.6046875 0.59375 0.05625 0.1125
0.0 0.421875 0.6265625 0.1078125 0.0953125
0.0 0.19374999999999998 0.6265625 0.078125 0.078125
0.0 0.78125 0.6296875 0.09375 0.0765625
0.0 0.30937499999999996 0.6359375 0.0484375 0.040625
0.0 0.4359375 0.6421875 0.040625 0.0953125
0.0 0.721875 0.646875 0.0828125 0.0609375
0.0 0.5484375 0.65625 0.059375 0.0859375
0.0 0.19999999999999996 0.6640625 0.05 0.065625
0.0 0.24843749999999998 0.6640625 0.0328125 0.06875
0.0 0.6953125 0.7125 0.071875 0.065625
0.0 0.590625 0.7203125 0.0359375 0.0796875
0.0 0.3109375 0.75625 0.040625 0.06875
0.0 0.40312499999999996 0.765625 0.0765625 0.0640625
0.0 0.4203125 0.2140625 0.021875 0.04375
0.0 0.37187499999999996 0.21875 0.0546875 0.046875
0.0 0.5859375 0.2515625 0.0515625 0.025
