0.0 0.4765625 0.215625 0.025 0.03125
0.0 0.515625 0.275 0.021875 0.0203125
0.0 0.4109375 0.271875 0.0390625 0.0796875
0.0 0.4625 0.33125 0.04375 0.053125
0.0 0.65 0.3109375 0.0453125 0.0453125
0.0 0.65 0.38125 0.0203125 0.028125
0.0 0.6171875 0.38125 0.0328125 0.0421875
0.0 0.65 0.4375 0.034375 0.040625
0.0 0.609375 0.4234375 0.01875 0.01875
0.0 0.5703125 0.4203125 0.040625 0.0515625
0.0 0.5140625 0.3859375 0.0359375 0.028125
0.0 0.540625 0.4296875 0.0203125 0.01875
0.0 0.540625 0.4875 0.0234375 0.0421875
0.0 0.5109375 0.45625 0.015625 0.0234375
0.0 0.4796875 0.471875 0.015625 0.021875
0.0 0.6984375 0.5234375 0.0171875 0.046875
0.0 0.66875 0.5265625 0.0296875 0.059375
0.0 0.665625 0.5984375 0.04375 0.0296875
0.0 0.6125 0.5640625 0.021875 0.034375
0.0 0.5859375 0.575 0.0234375 0.0609375
0.0 0.5578125 0.5296875 0.034375 0.0171875
0.0 0.55 0.5890625 0.01875 0.05
0.0 0.6078125 0.6265625 0.015625 0.03125
0.0 0.56875 0.6390625 0.0140625 0.015625
0.0 0.5203125 0.634375 0.040625 0.0203125
0.0 0.5171875 0.684375 0.04375 0.03125
0.0 0.4453125 0.70625 0.0625 0.028125
0.0 0.3578125 0.6265625 0.0359375 0.040625
0.0 0.3 0.6421875 0.0203125 0.0546875
0.0 0.3421875 0.5796875 0.059375 0.04375
0.0 0.39375 0.5875 0.028125 0.0453125
0.0 0.4296875 0.58125 0.0453125 0.06875
0.0 0.4734375 0.5828125 0.0203125 0.0265625
0.0 0.4296875 0.5359375 0.025 0.01875
0.0 0.4875 0.5265625 0.053125 0.0484375
0.0 0.3234375 0.4984375 0.01875 0.028125
0.0 0.2828125 0.509375 0.040625 0.08125
0.0 0.26875 0.3953125 0.01875 0.0453125
0.0 0.371875 0.3921875 0.0359375 0.0171875
0.0 0.3859375 0.434375 0.0203125 0.0296875
0.0 0.421875 0.4515625 0.0265625 0.0703125
0.0 0.4234375 0.4546875 0.0625 0.03125
0.0 0.375 0.359375 0.0890625 0.04375
0.0 0.3625 0.353125 0.0359375 0.046875
0.0 0.228125 0.3203125 0.015625 0.015625
