0.0 0.9825 0.0775 0.035 0.155
0.0 0.8875 0.05 0.135 0.1
0.0 0.7575 0.0025 0.155 0.005
0.0 0.8425 0.2875 0.105 0.085
0.0 0.7025 0.36 0.075 0.28
0.0 0.7925 0.5975 0.075 0.125
0.0 0.615 0.365 0.08 0.05
0.0 0.5075 0.4075 0.095 0.055
0.0 0.385 0.5775 0.09 0.075
0.0 0.4325 0.5025 0.075 0.165
0.0 0.26 0.6125 0.09 0.205
0.0 0.31 0.1475 0.08 0.175
0.0 0.535 0.0575 0.05 0.065
0.0 0.465 0.085 0.19 0.17
0.0 0.0775 0.005 0.125 0.01
0.0 0.1125 0.1125 0.065 0.105
0.0 0.0075 0.0625 0.015 0.125
0.0 0.0025 0.595 0.005 0.07
