0.0 0.7203125 0.2578125 0.0703125 0.0578125
0.0 0.29218750000000004 0.3 0.071875 0.078125
0.0 0.48750000000000004 0.346875 0.0671875 0.0296875
0.0 0.7703125 0.3875 0.0609375 0.1078125
0.0 0.21250000000000002 0.3890625 0.04375 0.0734375
0.0 0.11093750000000002 0.3953125 0.0484375 0.0296875
0.0 0.834375 0.3984375 0.04375 0.0671875
0.0 0.8828125 0.3984375 0.0890625 0.1328125
0.0 0.4375 0.40625 0.075 0.0578125
0.0 0.4859375 0.4265625 0.078125 0.075
0.0 0.34375 0.428125 0.04375 0.096875
0.0 0.5359375 0.4890625 0.0640625 0.034375
0.0 0.8203125 0.5109375 0.0359375 0.0328125
0.0 0.19999999999999996 0.528125 0.0421875 0.028125
0.0 0.3578125 0.534375 0.0734375 0.08125
0.0 0.27656250000000004 0.5359375 0.0375 0.0375
0.0 0.09999999999999998 0.5390625 0.0375 0.0203125
0.0 0.4515625 0.5625 0.0421875 0.05
0.0 0.7953125 0.5671875 0.08125 0.0421875
0.0 0.65625 0.578125 0.084375 0.040625
0.0 0.559375 0.5921875 0.059375 0.1109375
0.0 0.796875 0.6078125 0.078125 0.04375
0.0 0.428125 0.615625 0.059375 0.0375
0.0 0.19999999999999996 0.621875 0.0484375 0.065625
0.0 0.5828125 0.6234375 0.08125 0.0421875
0.0 0.3671875 0.64375 0.034375 0.0265625
0.0 0.659375 0.6546875 0.109375 0.1015625
0.0 0.8125 0.6609375 0.1109375 0.034375
0.0 0.5375 0.6640625 0.0484375 0.0484375
0.0 0.5109375 0.6734375 0.0515625 0.0875
0.0 0.5453125 0.675 0.0390625 0.0546875
0.0 0.40156250000000004 0.68125 0.071875 0.078125
0.0 0.8140625 0.696875 0.05 0.0359375
0.0 0.65625 0.7015625 0.090625 0.08125
0.0 0.7421875 0.725 0.0359375 0.034375
0.0 0.784375 0.7625 0.046875 0.08125
0.0 0.846875 0.2015625 0.059375 0.0640625
0.0 0.56875 0.2015625 0.0515625 0.06875
0.0 0.47343749999999996 0.225 0.0828125 0.040625
