0.0 0.9125 0.06 0.145 0.08
0.0 0.9325 0.1125 0.135 0.095
0.0 0.9875 0.1775 0.025 0.075
0.0 0.6175 0.2025 0.205 0.195
0.0 0.955 0.2225 0.09 0.075
0.0 0.99 0.2975 0.02 0.125
0.0 0.585 0.4075 0.18 0.095
0.0 0.3875 0.555 0.065 0.08
0.0 0.7575 0.565 0.065 0.08
0.0 0.9725 0.6325 0.055 0.145
0.0 0.94 0.6375 0.12 0.095
0.0 0.375 0.745 0.07 0.07
0.0 0.205 0.855 0.09 0.18
0.0 0.9975 0.8575 0.005 0.125
0.0 0.355 0.9175 0.12 0.165
0.0 0.0575 0.935 0.105 0.13
0.0 0.4475 0.95 0.085 0.1
0.0 0.8575 0.97 0.115 0.06
