0.0 0.6109375 0.2265625 0.0546875 0.01875
0.0 0.490625 0.259375 0.04375 0.0484375
0.0 0.34843749999999996 0.2171875 0.0390625 0.04375
0.0 0.34375 0.2515625 0.0609375 0.0265625
0.0 0.28125 0.2921875 0.028125 0.01875
0.0 0.203125 0.2921875 0.0515625 0.0296875
0.0 0.3109375 0.309375 0.0484375 0.0328125
0.0 0.3671875 0.309375 0.046875 0.034375
0.0 0.36406249999999996 0.340625 0.0609375 0.028125
0.0 0.321875 0.396875 0.0328125 0.0421875
0.0 0.390625 0.41875 0.05 0.0234375
0.0 0.35624999999999996 0.4546875 0.03125 0.059375
0.0 0.40312499999999996 0.509375 0.0671875 0.0640625
0.0 0.4203125 0.5390625 0.025 0.021875
0.0 0.4453125 0.5703125 0.0203125 0.0265625
0.0 0.46875 0.4671875 0.046875 0.0625
0.0 0.46875 0.53125 0.053125 0.0484375
0.0 0.4 0.6390625 0.021875 0.0296875
0.0 0.4078125 0.6703125 0.015625 0.0234375
0.0 0.44062500000000004 0.63125 0.021875 0.034375
0.0 0.5328125 0.71875 0.0796875 0.0625
0.0 0.590625 0.703125 0.01875 0.0421875
0.0 0.621875 0.703125 0.0421875 0.05625
0.0 0.521875 0.8078125 0.021875 0.034375
0.0 0.4671875 0.765625 0.0328125 0.01875
0.0 0.725 0.696875 0.0203125 0.0328125
0.0 0.7140625 0.5890625 0.021875 0.021875
0.0 0.6546875 0.5953125 0.0515625 0.040625
0.0 0.634375 0.5125 0.040625 0.0390625
0.0 0.5671875 0.515625 0.0578125 0.0359375
0.0 0.59375 0.4875 0.034375 0.0203125
0.0 0.61875 0.4640625 0.0421875 0.021875
0.0 0.6359375 0.434375 0.0265625 0.015625
0.0 0.5890625 0.4421875 0.0859375 0.03125
0.0 0.5203125 0.4015625 0.0671875 0.0375
0.0 0.584375 0.3796875 0.028125 0.0359375
0.0 0.5 0.3640625 0.0515625 0.025
0.0 0.6203125 0.375 0.0359375 0.0265625
0.0 0.53125 0.3375 0.01875 0.0203125
0.0 0.49531250000000004 0.321875 0.0546875 0.0328125
0.0 0.490625 0.3234375 0.0375 0.046875
0.0 0.75 0.3140625 0.0484375 0.028125
0.0 0.8 0.5 0.01875 0.034375
0.0 0.30937499999999996 0.790625 0.0140625 0.0265625
