0.0 0.38125 0.2953125 0.021875 0.025
0.0 0.44062500000000004 0.3171875 0.0296875 0.021875
0.0 0.3453125 0.3390625 0.053125 0.025
0.0 0.328125 0.409375 0.0359375 0.034375
0.0 0.259375 0.428125 0.034375 0.034375
0.0 0.24375000000000002 0.4640625 0.021875 0.034375
0.0 0.26249999999999996 0.534375 0.04375 0.040625
0.0 0.23906249999999996 0.609375 0.03125 0.0359375
0.0 0.29374999999999996 0.559375 0.0203125 0.0390625
0.0 0.30937499999999996 0.509375 0.0171875 0.0265625
0.0 0.34375 0.5609375 0.0390625 0.0421875
0.0 0.3453125 0.61875 0.0203125 0.01875
0.0 0.37968749999999996 0.6390625 0.0234375 0.021875
0.0 0.2953125 0.696875 0.028125 0.025
0.0 0.334375 0.6921875 0.0265625 0.028125
0.0 0.3765625 0.725 0.0328125 0.0453125
0.0 0.4140625 0.6546875 0.04375 0.0421875
0.0 0.40312499999999996 0.6078125 0.071875 0.0265625
0.0 0.3984375 0.51875 0.0546875 0.025
0.0 0.38749999999999996 0.5296875 0.0421875 0.0703125
0.0 0.4515625 0.5328125 0.0421875 0.0234375
0.0 0.3453125 0.4578125 0.04375 0.0265625
0.0 0.415625 0.475 0.025 0.0328125
0.0 0.384375 0.43125 0.01875 0.01875
0.0 0.4453125 0.4484375 0.021875 0.040625
0.0 0.5125 0.44375 0.0234375 0.0375
0.0 0.521875 0.378125 0.015625 0.025
0.0 0.51875 0.3296875 0.0203125 0.021875
0.0 0.5328125 0.296875 0.01875 0.021875
0.0 0.603125 0.3828125 0.03125 0.0171875
0.0 0.559375 0.415625 0.0203125 0.034375
0.0 0.6515625 0.4125 0.0515625 0.0390625
0.0 0.6578125 0.4890625 0.0265625 0.0484375
0.0 0.6171875 0.5203125 0.0203125 0.0578125
0.0 0.546875 0.553125 0.0203125 0.0328125
0.0 0.45781249999999996 0.603125 0.0296875 0.0421875
0.0 0.4828125 0.61875 0.0296875 0.06875
0.0 0.49531250000000004 0.675 0.0234375 0.0515625
0.0 0.453125 0.70625 0.021875 0.021875
0.0 0.42656249999999996 0.7515625 0.025 0.0203125
0.0 0.534375 0.7046875 0.04375 0.021875
0.0 0.5265625 0.63125 0.03125 0.0265625
0.0 0.5828125 0.628125 0.0328125 0.0703125
0.0 0.621875 0.6140625 0.0359375 0.0375
0.0 0.6703125 0.6359375 0.021875 0.0421875
0.0 0.678125 0.5921875 0.0359375 0.05
