0.0 0.6525 0.0375 0.225 0.065
0.0 0.845 0.1425 0.1 0.105
0.0 0.7725 0.1275 0.205 0.255
0.0 0.9925 0.2925 0.015 0.075
0.0 0.9625 0.235 0.075 0.19
0.0 0.8425 0.3375 0.135 0.195
0.0 0.67 0.47 0.12 0.06
0.0 0.565 0.49 0.15 0.11
0.0 0.5 0.53 0.08 0.06
0.0 0.5975 0.6075 0.045 0.065
0.0 0.525 0.7275 0.22 0.085
0.0 0.3825 0.6325 0.045 0.045
0.0 0.3175 0.5275 0.065 0.045
0.0 0.3325 0.605 0.125 0.08
0.0 0.35 0.35 0.14 0.11
0.0 0.5375 0.31 0.225 0.11
0.0 0.3425 0.29 0.175 0.12
0.0 0.2475 0.3775 0.065 0.035
0.0 0.405 0.1875 0.11 0.055
0.0 0.3775 0.0575 0.055 0.035
0.0 0.3025 0.15 0.045 0.07
0.0 0.2225 0.0975 0.055 0.085
0.0 0.0075 0.295 0.015 0.2
0.0 0.03 0.5375 0.06 0.105
0.0 0.095 0.535 0.13 0.17
0.0 0.2325 0.9175 0.105 0.145
0.0 0.0 0.8375 0.0 0.175
0.0 0.3475 0.93 0.065 0.14
0.0 0.4525 0.9575 0.125 0.075
0.0 0.4875 0.94 0.185 0.12
