0.0 0.59375 0.26875 0.06875 0.0328125
0.0 0.42656249999999996 0.2890625 0.0546875 0.0328125
0.0 0.525 0.31875 0.0234375 0.053125
0.0 0.659375 0.321875 0.0484375 0.034375
0.0 0.5890625 0.325 0.01875 0.025
0.0 0.571875 0.3578125 0.04375 0.0234375
0.0 0.6234375 0.36875 0.0515625 0.0625
0.0 0.43281250000000004 0.3703125 0.021875 0.03125
0.0 0.3265625 0.3734375 0.075 0.0234375
0.0 0.634375 0.3953125 0.046875 0.0546875
0.0 0.5703125 0.4265625 0.0265625 0.0203125
0.0 0.4359375 0.4625 0.0203125 0.0234375
0.0 0.6734375 0.475 0.05 0.0640625
0.0 0.5703125 0.4828125 0.0546875 0.0296875
0.0 0.4703125 0.484375 0.0578125 0.05625
0.0 0.7484375 0.484375 0.0390625 0.028125
0.0 0.5203125 0.4890625 0.034375 0.04375
0.0 0.5109375 0.496875 0.0609375 0.0875
0.0 0.2578125 0.4984375 0.01875 0.034375
0.0 0.4765625 0.5015625 0.0203125 0.021875
0.0 0.7265625 0.503125 0.046875 0.0328125
0.0 0.8921875 0.5078125 0.03125 0.0375
0.0 0.6234375 0.51875 0.0265625 0.0328125
0.0 0.7859375 0.528125 0.0265625 0.0296875
0.0 0.54375 0.5328125 0.0296875 0.0546875
0.0 0.753125 0.5484375 0.0234375 0.021875
0.0 0.8703125 0.55625 0.0546875 0.025
0.0 0.653125 0.55625 0.0546875 0.0265625
0.0 0.34375 0.5578125 0.028125 0.0515625
0.0 0.725 0.559375 0.0265625 0.025
0.0 0.5890625 0.5703125 0.0265625 0.0234375
0.0 0.559375 0.5828125 0.0203125 0.0234375
0.0 0.8265625 0.5875 0.1015625 0.046875
0.0 0.715625 0.5875 0.0515625 0.0234375
0.0 0.6140625 0.625 0.04375 0.028125
0.0 0.35624999999999996 0.628125 0.0546875 0.0390625
0.0 0.43281250000000004 0.6296875 0.0375 0.04375
0.0 0.7703125 0.640625 0.0578125 0.05
0.0 0.6828125 0.6515625 0.03125 0.0484375
0.0 0.47968750000000004 0.653125 0.03125 0.053125
0.0 0.590625 0.6640625 0.0484375 0.0609375
0.0 0.7203125 0.696875 0.0890625 0.046875
0.0 0.5359375 0.7015625 0.05 0.0359375
0.0 0.6578125 0.715625 0.0203125 0.0328125
0.0 0.603125 0.7296875 0.0234375 0.040625
0.0 0.7 0.790625 0.021875 0.0359375
