0.0 0.5328125 0.25625 0.0359375 0.0640625
0.0 0.5078125 0.2609375 0.01875 0.0359375
0.0 0.44375 0.2625 0.0375 0.0390625
0.0 0.409375 0.2890625 0.0515625 0.0390625
0.0 0.359375 0.3109375 0.0296875 0.0375
0.0 0.4515625 0.3390625 0.01875 0.0234375
0.0 0.61875 0.359375 0.046875 0.0390625
0.0 0.559375 0.3640625 0.021875 0.0328125
0.0 0.3125 0.3828125 0.0328125 0.0296875
0.0 0.6015625 0.390625 0.053125 0.053125
0.0 0.6453125 0.390625 0.028125 0.0484375
0.0 0.4765625 0.3953125 0.025 0.0265625
0.0 0.340625 0.4171875 0.0625 0.0296875
0.0 0.5234375 0.4203125 0.0484375 0.046875
0.0 0.4921875 0.428125 0.0578125 0.046875
0.0 0.60625 0.4328125 0.0625 0.0515625
0.0 0.7 0.4359375 0.0203125 0.09375
0.0 0.5625 0.446875 0.0234375 0.034375
0.0 0.4234375 0.446875 0.0234375 0.1046875
0.0 0.5109375 0.4515625 0.0171875 0.028125
0.0 0.403125 0.4546875 0.0203125 0.05
0.0 0.5421875 0.4609375 0.0203125 0.0203125
0.0 0.890625 0.4640625 0.025 0.025
0.0 0.503125 0.4890625 0.0453125 0.0359375
0.0 0.5296875 0.5125 0.0234375 0.0234375
0.0 0.353125 0.515625 0.025 0.0421875
0.0 0.6640625 0.5203125 0.0296875 0.0234375
0.0 0.3921875 0.5234375 0.021875 0.046875
0.0 0.5546875 0.525 0.028125 0.05
0.0 0.528125 0.546875 0.0203125 0.03125
0.0 0.671875 0.55 0.0703125 0.0265625
0.0 0.6203125 0.56875 0.0171875 0.034375
0.0 0.715625 0.590625 0.0640625 0.0359375
0.0 0.6390625 0.5984375 0.0421875 0.05
0.0 0.5609375 0.6015625 0.040625 0.0640625
0.0 0.7140625 0.603125 0.0328125 0.0890625
0.0 0.8234375 0.609375 0.03125 0.0515625
0.0 0.775 0.634375 0.04375 0.0375
0.0 0.6984375 0.6703125 0.0453125 0.0453125
0.0 0.759375 0.6703125 0.071875 0.05
0.0 0.5625 0.678125 0.0734375 0.0625
0.0 0.465625 0.6859375 0.034375 0.0515625
0.0 0.625 0.6921875 0.0359375 0.0765625
0.0 0.5625 0.74375 0.03125 0.01875
0.0 0.6765625 0.775 0.028125 0.0625
0.0 0.590625 0.79375 0.0546875 0.0453125
