0.0 0.296875 0.2609375 0.0734375 0.0671875
0.0 0.5328125 0.2890625 0.0734375 0.0421875
0.0 0.3828125 0.296875 0.0859375 0.040625
0.0 0.49687499999999996 0.3421875 0.0859375 0.05625
0.0 0.7125 0.3546875 0.040625 0.0875
0.0 0.296875 0.3625 0.0796875 0.0421875
0.0 0.47343749999999996 0.371875 0.0578125 0.0484375
0.0 0.528125 0.3875 0.0375 0.0359375
0.0 0.4515625 0.4078125 0.0671875 0.065625
0.0 0.7546875 0.4359375 0.053125 0.090625
0.0 0.19843750000000004 0.4375 0.03125 0.0703125
0.0 0.7796875 0.4453125 0.1109375 0.0484375
0.0 0.3921875 0.4453125 0.0765625 0.071875
0.0 0.24843749999999998 0.4484375 0.034375 0.0390625
0.0 0.40312499999999996 0.45625 0.04375 0.0484375
0.0 0.290625 0.45625 0.0390625 0.0796875
0.0 0.71875 0.4640625 0.121875 0.1
0.0 0.3203125 0.4828125 0.065625 0.128125
0.0 0.421875 0.4828125 0.0734375 0.065625
0.0 0.23906249999999996 0.496875 0.025 0.0390625
0.0 0.6859375 0.5078125 0.0609375 0.04375
0.0 0.5234375 0.5171875 0.04375 0.0328125
0.0 0.7625 0.5390625 0.0515625 0.040625
0.0 0.3453125 0.5421875 0.034375 0.040625
0.0 0.21875 0.5484375 0.04375 0.08125
0.0 0.32499999999999996 0.590625 0.03125 0.0609375
0.0 0.2515625 0.6046875 0.028125 0.059375
0.0 0.4203125 0.60625 0.0625 0.040625
0.0 0.5171875 0.60625 0.040625 0.04375
0.0 0.825 0.61875 0.034375 0.1140625
0.0 0.22499999999999998 0.6484375 0.046875 0.0984375
0.0 0.6875 0.6578125 0.0453125 0.053125
0.0 0.590625 0.6609375 0.06875 0.09375
0.0 0.4375 0.6703125 0.0765625 0.053125
0.0 0.5 0.678125 0.11875 0.0921875
0.0 0.415625 0.734375 0.096875 0.046875
0.0 0.31718749999999996 0.7484375 0.059375 0.06875
0.0 0.6640625 0.7765625 0.0765625 0.0875
0.0 0.44843750000000004 0.778125 0.046875 0.034375
0.0 0.4515625 0.815625 0.028125 0.0296875
0.0 0.40937500000000004 0.2046875 0.109375 0.034375
0.0 0.5515625 0.23125 0.11875 0.0890625
0.0 0.64375 0.246875 0.0703125 0.0484375
