0.0 0.99 0.02 0.02 0.04
0.0 0.9875 0.235 0.025 0.1
0.0 0.85 0.2775 0.08 0.065
0.0 0.865 0.9025 0.26 0.075
0.0 0.68 0.7975 0.09 0.255
0.0 0.82 0.59 0.11 0.09
0.0 0.7725 0.4225 0.185 0.075
0.0 0.5325 0.4075 0.075 0.125
0.0 0.4875 0.3225 0.075 0.075
0.0 0.365 0.3 0.13 0.16
0.0 0.3525 0.4425 0.185 0.085
0.0 0.48 0.7175 0.14 0.145
0.0 0.4975 0.8525 0.075 0.115
0.0 0.515 0.98 0.2 0.04
0.0 0.285 0.7525 0.05 0.075
0.0 0.21 0.825 0.07 0.15
0.0 0.095 0.8 0.14 0.24
0.0 0.02 0.6375 0.04 0.115
0.0 0.0925 0.275 0.185 0.07
0.0 0.125 0.1025 0.06 0.125
0.0 0.0475 0.1725 0.095 0.105
0.0 0.36 0.07 0.16 0.1
0.0 0.175 0.0025 0.14 0.005
