0.0 0.93 0.09 0.11 0.13
0.0 0.995 0.2175 0.01 0.095
0.0 0.96 0.9075 0.08 0.135
0.0 0.76 0.815 0.09 0.14
0.0 0.5925 0.9325 0.065 0.065
0.0 0.735 0.68 0.18 0.1
0.0 0.7425 0.5325 0.165 0.085
0.0 0.78 0.4575 0.19 0.075
0.0 0.685 0.3825 0.07 0.085
0.0 0.8925 0.385 0.155 0.15
0.0 0.7675 0.2575 0.075 0.065
0.0 0.8375 0.24 0.125 0.12
0.0 0.85 0.1825 0.2 0.185
0.0 0.6575 0.0625 0.065 0.125
0.0 0.6475 0.195 0.105 0.25
0.0 0.5375 0.17 0.085 0.14
0.0 0.555 0.3625 0.07 0.065
0.0 0.4475 0.4225 0.055 0.065
0.0 0.38 0.2575 0.15 0.115
0.0 0.3925 0.3475 0.245 0.095
0.0 0.4125 0.5775 0.115 0.065
0.0 0.4525 0.73 0.105 0.08
0.0 0.3625 0.7625 0.115 0.075
0.0 0.28 0.49 0.06 0.09
0.0 0.155 0.3325 0.11 0.075
0.0 0.045 0.5 0.08 0.1
0.0 0.0325 0.355 0.055 0.06
0.0 0.0875 0.055 0.095 0.11
0.0 0.19 0.07 0.05 0.1
0.0 0.2525 0.055 0.065 0.11
0.0 0.2375 0.16 0.045 0.07
0.0 0.365 0.07 0.16 0.14
0.0 0.45 0.0675 0.12 0.135
