0.0 0.975 0.01 0.05 0.02
0.0 0.9075 0.155 0.115 0.15
0.0 0.795 0.1975 0.06 0.105
0.0 0.91 0.275 0.08 0.08
0.0 0.7925 0.3125 0.055 0.075
0.0 0.9275 0.385 0.145 0.06
0.0 0.97 0.4 0.06 0.18
0.0 0.535 0.23 0.13 0.24
0.0 0.28 0.0075 0.07 0.015
0.0 0.1125 0.03 0.075 0.06
0.0 0.2225 0.065 0.135 0.13
0.0 0.1125 0.18 0.155 0.12
0.0 0.2625 0.2325 0.045 0.085
0.0 0.3625 0.41 0.095 0.16
0.0 0.05 0.4925 0.06 0.085
0.0 0.3375 0.5375 0.175 0.075
0.0 0.5375 0.5375 0.165 0.145
0.0 0.2725 0.8275 0.125 0.185
0.0 0.795 0.6525 0.06 0.075
0.0 0.7825 0.8025 0.165 0.285
