0.0 0.46 0.0025 0.22 0.005
0.0 0.9525 0.035 0.095 0.07
0.0 0.6775 0.1125 0.075 0.165
0.0 0.2475 0.125 0.155 0.11
0.0 0.475 0.135 0.06 0.08
0.0 0.53 0.2375 0.14 0.075
0.0 0.3625 0.275 0.165 0.2
0.0 0.9675 0.28 0.065 0.1
0.0 0.33 0.3575 0.15 0.175
0.0 0.5325 0.4575 0.085 0.065
0.0 0.9625 0.5725 0.065 0.075
0.0 0.2025 0.6125 0.165 0.205
0.0 0.5325 0.6375 0.175 0.095
0.0 0.8525 0.645 0.185 0.18
0.0 0.0125 0.645 0.025 0.09
0.0 0.695 0.66 0.11 0.14
0.0 0.7225 0.685 0.195 0.28
0.0 0.8325 0.7 0.065 0.07
0.0 0.055 0.7025 0.11 0.105
0.0 0.3625 0.7525 0.085 0.105
0.0 0.6175 0.7975 0.095 0.175
0.0 0.2675 0.8725 0.175 0.085
0.0 0.04 0.8825 0.08 0.075
0.0 0.4725 0.9175 0.085 0.075
0.0 0.5675 0.9575 0.065 0.075
0.0 0.075 0.9675 0.15 0.065
