0.0 0.5425 0.0225 0.175 0.045
0.0 0.285 0.025 0.1 0.05
0.0 0.695 0.08 0.1 0.16
0.0 0.2425 0.075 0.245 0.15
0.0 0.0525 0.105 0.105 0.11
0.0 0.835 0.255 0.13 0.28
0.0 0.67 0.3025 0.16 0.225
0.0 0.43 0.325 0.32 0.18
0.0 0.0125 0.3275 0.025 0.135
0.0 0.1 0.3725 0.15 0.215
0.0 0.5625 0.43 0.145 0.1
0.0 0.25 0.4925 0.09 0.185
0.0 0.515 0.5125 0.21 0.155
0.0 0.7725 0.5475 0.235 0.345
0.0 0.4175 0.6275 0.125 0.205
0.0 0.1575 0.645 0.125 0.1
0.0 0.265 0.7125 0.11 0.085
0.0 0.2825 0.925 0.075 0.07
0.0 0.5725 0.93 0.205 0.1
0.0 0.18 0.97 0.24 0.06
