0.0 0.4296875 0.2859375 0.046875 0.046875
0.0 0.459375 0.3296875 0.0234375 0.0421875
0.0 0.484375 0.3390625 0.021875 0.0640625
0.0 0.69375 0.35 0.0140625 0.01875
0.0 0.3140625 0.35625 0.046875 0.028125
0.0 0.4109375 0.3578125 0.021875 0.0828125
0.0 0.640625 0.3578125 0.05625 0.06875
0.0 0.50625 0.359375 0.01875 0.034375
0.0 0.05 0.3640625 0.0203125 0.0640625
0.0 0.3875 0.3703125 0.034375 0.040625
0.0 0.66875 0.3796875 0.0125 0.0296875
0.0 0.453125 0.39375 0.0265625 0.09375
0.0 0.25625 0.403125 0.0234375 0.034375
0.0 0.38125 0.4171875 0.025 0.03125
0.0 0.340625 0.4390625 0.015625 0.0171875
0.0 0.4296875 0.446875 0.0328125 0.040625
0.0 0.2984375 0.4828125 0.0484375 0.0453125
0.0 0.5296875 0.4828125 0.0296875 0.0421875
0.0 0.359375 0.4921875 0.021875 0.034375
0.0 0.4390625 0.5015625 0.0296875 0.04375
0.0 0.53125 0.540625 0.0265625 0.028125
0.0 0.1515625 0.5484375 0.0234375 0.053125
0.0 0.5453125 0.5734375 0.04375 0.03125
0.0 0.284375 0.5765625 0.0453125 0.0234375
0.0 0.221875 0.5890625 0.0453125 0.0203125
0.0 0.309375 0.640625 0.0328125 0.0390625
0.0 0.2515625 0.646875 0.028125 0.021875
0.0 0.4765625 0.6484375 0.0265625 0.021875
0.0 0.5140625 0.18125 0.028125 0.0171875
0.0 0.315625 0.6859375 0.059375 0.0265625
0.0 0.2203125 0.7125 0.03125 0.01875
0.0 0.2296875 0.7421875 0.028125 0.0171875
0.0 0.346875 0.7578125 0.0390625 0.034375
0.0 0.1421875 0.765625 0.0765625 0.0328125
0.0 0.1984375 0.19375 0.0484375 0.0390625
0.0 0.1390625 0.225 0.034375 0.0234375
0.0 0.5578125 0.2421875 0.0171875 0.0171875
0.0 0.2234375 0.2421875 0.05 0.046875
0.0 0.15625 0.2484375 0.065625 0.0359375
