0.0 0.1825 0.12 0.155 0.06
0.0 0.4975 0.235 0.295 0.17
0.0 0.225 0.2025 0.32 0.085
0.0 0.285 0.26 0.17 0.08
0.0 0.045 0.5225 0.05 0.085
0.0 0.2025 0.4825 0.075 0.035
0.0 0.1225 0.5725 0.035 0.065
0.0 0.23 0.6125 0.11 0.055
0.0 0.4725 0.4625 0.225 0.065
0.0 0.67 0.5625 0.09 0.105
0.0 0.595 0.5375 0.19 0.285
0.0 0.8525 0.715 0.095 0.08
0.0 0.8075 0.66 0.125 0.19
0.0 0.66 0.7625 0.14 0.205
0.0 0.4925 0.8925 0.125 0.065
0.0 0.325 0.955 0.09 0.06
0.0 0.42 1.0 0.05 0.0
0.0 0.3825 0.9075 0.145 0.125
0.0 0.36 0.7325 0.21 0.105
0.0 0.1725 0.785 0.135 0.12
0.0 0.165 0.7175 0.18 0.125
0.0 0.1375 0.9575 0.075 0.055
0.0 0.2075 0.9725 0.065 0.055
0.0 0.16 0.995 0.12 0.01
