0.0 0.65 0.309375 0.0328125 0.0625
0.0 0.59375 0.3390625 0.0203125 0.01875
0.0 0.709375 0.3671875 0.0375 0.0453125
0.0 0.7078125 0.4296875 0.05 0.0578125
0.0 0.646875 0.4609375 0.03125 0.053125
0.0 0.596875 0.44375 0.0359375 0.0296875
0.0 0.5671875 0.4 0.0234375 0.0140625
0.0 0.5203125 0.4296875 0.0140625 0.03125
0.0 0.5484375 0.48125 0.01875 0.0125
0.0 0.50625 0.49375 0.021875 0.0546875
0.0 0.46406250000000004 0.4609375 0.0203125 0.0140625
0.0 0.54375 0.259375 0.03125 0.025
0.0 0.44999999999999996 0.25625 0.021875 0.0265625
0.0 0.484375 0.29375 0.0421875 0.0515625
0.0 0.5234375 0.296875 0.0484375 0.0234375
0.0 0.36250000000000004 0.2921875 0.028125 0.0453125
0.0 0.4 0.309375 0.0375 0.03125
0.0 0.384375 0.3359375 0.021875 0.0328125
0.0 0.28593749999999996 0.3734375 0.0328125 0.0359375
0.0 0.3296875 0.403125 0.03125 0.0484375
0.0 0.35468750000000004 0.4109375 0.0375 0.0859375
0.0 0.384375 0.4296875 0.0171875 0.05
0.0 0.43281250000000004 0.4109375 0.0265625 0.04375
0.0 0.48750000000000004 0.3609375 0.0296875 0.0734375
0.0 0.4703125 0.4015625 0.0453125 0.0328125
0.0 0.42656249999999996 0.496875 0.028125 0.0453125
0.0 0.38749999999999996 0.509375 0.05 0.0203125
0.0 0.38593750000000004 0.5015625 0.0203125 0.05625
0.0 0.30000000000000004 0.5015625 0.0390625 0.0609375
0.0 0.353125 0.5515625 0.0234375 0.021875
0.0 0.3125 0.5625 0.0640625 0.034375
0.0 0.31875 0.6140625 0.021875 0.028125
0.0 0.3296875 0.6015625 0.046875 0.0515625
0.0 0.31562500000000004 0.65 0.0484375 0.071875
0.0 0.37031250000000004 0.7265625 0.0375 0.01875
0.0 0.415625 0.7015625 0.025 0.0296875
0.0 0.4375 0.70625 0.0375 0.0859375
0.0 0.3453125 0.7953125 0.0171875 0.0296875
0.0 0.39531249999999996 0.778125 0.0421875 0.0703125
0.0 0.50625 0.6515625 0.03125 0.05
0.0 0.59375 0.6046875 0.059375 0.025
0.0 0.5140625 0.584375 0.034375 0.0296875
0.0 0.428125 0.5828125 0.0171875 0.0203125
0.0 0.396875 0.5890625 0.015625 0.0234375
0.0 0.4390625 0.5421875 0.015625 0.0265625
0.0 0.646875 0.5453125 0.071875 0.0328125
