0.0 0.1390625 0.2921875 0.0328125 0.034375
0.0 0.20625 0.2953125 0.05625 0.034375
0.0 0.190625 0.3484375 0.075 0.0578125
0.0 0.2453125 0.3234375 0.04375 0.0265625
0.0 0.353125 0.28125 0.03125 0.0375
0.0 0.2140625 0.4171875 0.0359375 0.0625
0.0 0.121875 0.41875 0.0359375 0.0296875
0.0 0.1109375 0.4609375 0.028125 0.0546875
0.0 0.1 0.56875 0.125 0.1140625
0.0 0.0859375 0.5859375 0.0421875 0.10625
0.0 0.2640625 0.553125 0.053125 0.0375
0.0 0.296875 0.6703125 0.0703125 0.0890625
0.0 0.2953125 0.7265625 0.0234375 0.0265625
0.0 0.1609375 0.7109375 0.0671875 0.0703125
0.0 0.390625 0.725 0.040625 0.1078125
0.0 0.43125 0.6421875 0.046875 0.0265625
0.0 0.39375 0.55 0.065625 0.090625
0.0 0.396875 0.434375 0.0921875 0.034375
0.0 0.4921875 0.50625 0.1203125 0.046875
0.0 0.4796875 0.45 0.0609375 0.04375
0.0 0.3890625 0.3578125 0.0328125 0.0421875
0.0 0.4203125 0.39375 0.0375 0.0640625
0.0 0.4046875 0.315625 0.053125 0.0734375
0.0 0.4796875 0.371875 0.078125 0.0796875
0.0 0.44375 0.28125 0.040625 0.0296875
0.0 0.4859375 0.2515625 0.0828125 0.0546875
0.0 0.534375 0.3125 0.0296875 0.034375
0.0 0.6125 0.3703125 0.0703125 0.059375
0.0 0.74375 0.3359375 0.0421875 0.0828125
0.0 0.7984375 0.3296875 0.0375 0.0609375
0.0 0.6609375 0.4546875 0.0640625 0.0359375
0.0 0.56875 0.4515625 0.075 0.05
0.0 0.79375 0.39375 0.0875 0.05625
0.0 0.853125 0.4375 0.0765625 0.0515625
0.0 0.85625 0.55 0.05625 0.0875
0.0 0.8359375 0.6609375 0.065625 0.05
0.0 0.828125 0.7125 0.109375 0.0609375
0.0 0.7390625 0.7390625 0.071875 0.028125
0.0 0.7984375 0.8265625 0.0484375 0.025
0.0 0.7046875 0.7796875 0.075 0.059375
0.0 0.665625 0.7 0.078125 0.0921875
0.0 0.671875 0.5796875 0.053125 0.025
0.0 0.6875 0.6015625 0.1359375 0.0859375
0.0 0.55 0.6515625 0.1109375 0.0375
0.0 0.5703125 0.5765625 0.0640625 0.0984375
0.0 0.6375 0.5203125 0.025 0.05
