0.0 0.985 0.42 0.03 0.15
0.0 0.7375 0.425 0.085 0.24
0.0 0.55 0.5375 0.07 0.055
0.0 0.4625 0.58 0.095 0.19
0.0 0.4625 0.5925 0.115 0.055
0.0 0.6575 0.6925 0.105 0.085
0.0 0.1775 0.7275 0.085 0.065
0.0 0.51 0.745 0.2 0.08
0.0 0.31 0.7775 0.07 0.115
0.0 0.8375 0.83 0.145 0.07
0.0 0.04 0.8475 0.08 0.075
0.0 0.405 0.8775 0.1 0.085
0.0 0.6025 0.8775 0.245 0.115
0.0 0.555 0.895 0.1 0.21
0.0 0.325 0.9325 0.12 0.135
0.0 0.9775 0.9375 0.045 0.065
0.0 0.0875 0.94 0.135 0.1
0.0 0.8125 0.9575 0.145 0.065
0.0 0.9125 0.9925 0.085 0.015
0.0 0.805 0.9975 0.07 0.005
0.0 0.3475 0.9925 0.175 0.015
0.0 0.7075 1.0 0.165 0.0
