0.0 0.39375 0.265625 0.0453125 0.028125
0.0 0.078125 0.2703125 0.0296875 0.0296875
0.0 0.50625 0.2921875 0.040625 0.040625
0.0 0.3140625 0.2921875 0.0390625 0.0421875
0.0 0.3671875 0.3078125 0.0484375 0.0375
0.0 0.0375 0.34375 0.0234375 0.0421875
0.0 0.3234375 0.34375 0.01875 0.0296875
0.0 0.7640625 0.3609375 0.0453125 0.015625
0.0 0.128125 0.3640625 0.0578125 0.040625
0.0 0.11875 0.365625 0.021875 0.0921875
0.0 0.271875 0.4125 0.0671875 0.021875
0.0 0.046875 0.421875 0.0421875 0.0375
0.0 0.4515625 0.4296875 0.03125 0.021875
0.0 0.5578125 0.4328125 0.015625 0.01875
0.0 0.3453125 0.4671875 0.0234375 0.0234375
0.0 0.2515625 0.521875 0.0296875 0.0515625
0.0 0.2890625 0.534375 0.0171875 0.0234375
0.0 0.2421875 0.5765625 0.015625 0.0265625
0.0 0.50625 0.5921875 0.03125 0.0953125
0.0 0.2703125 0.603125 0.05 0.03125
0.0 0.3015625 0.1953125 0.0578125 0.0265625
0.0 0.4625 0.196875 0.09375 0.0421875
0.0 0.3671875 0.23125 0.0296875 0.0234375
0.0 0.453125 0.2375 0.021875 0.046875
0.0 0.4859375 0.2515625 0.0203125 0.0234375
