0.0 0.975 0.0375 0.05 0.075
0.0 0.9625 0.065 0.075 0.13
0.0 0.905 0.04 0.06 0.05
0.0 0.6475 0.025 0.095 0.05
0.0 0.635 0.09 0.1 0.07
0.0 0.4525 0.0775 0.145 0.155
0.0 0.6875 0.185 0.045 0.07
0.0 0.765 0.1625 0.06 0.075
0.0 0.8075 0.2125 0.165 0.085
0.0 0.995 0.52 0.01 0.16
0.0 0.99 0.37 0.02 0.26
0.0 0.9375 0.6525 0.125 0.155
0.0 0.9325 0.5125 0.075 0.265
0.0 0.8325 0.5525 0.115 0.105
0.0 0.915 0.2725 0.17 0.185
0.0 0.73 0.3325 0.08 0.135
0.0 0.7775 0.4825 0.165 0.115
0.0 0.8 0.3825 0.07 0.065
0.0 0.705 0.4375 0.14 0.065
0.0 0.7575 0.73 0.075 0.07
0.0 0.7825 0.855 0.115 0.14
0.0 0.7375 0.8025 0.075 0.065
0.0 0.5925 0.9075 0.095 0.085
0.0 0.335 0.7175 0.19 0.165
0.0 0.5325 0.7725 0.185 0.145
0.0 0.63 0.62 0.15 0.15
0.0 0.52 0.435 0.16 0.08
0.0 0.505 0.525 0.15 0.09
0.0 0.175 0.55 0.15 0.07
0.0 0.1325 0.3725 0.095 0.165
0.0 0.31 0.3075 0.07 0.095
0.0 0.41 0.2825 0.11 0.085
0.0 0.5025 0.27 0.075 0.08
0.0 0.515 0.1825 0.07 0.055
0.0 0.3775 0.195 0.165 0.06
0.0 0.1175 0.0275 0.085 0.055
