0.0 0.728125 0.2875 0.1125 0.0625
0.0 0.7953125 0.296875 0.053125 0.05625
0.0 0.2578125 0.303125 0.0484375 0.0296875
0.0 0.4078125 0.3328125 0.1 0.1015625
0.0 0.4921875 0.3734375 0.0578125 0.0265625
0.0 0.284375 0.384375 0.153125 0.1046875
0.0 0.640625 0.4046875 0.0359375 0.04375
0.0 0.8796875 0.4140625 0.046875 0.0421875
0.0 0.771875 0.4171875 0.090625 0.1734375
0.0 0.6140625 0.421875 0.0703125 0.1390625
0.0 0.5125 0.4390625 0.1171875 0.084375
0.0 0.7328125 0.44375 0.0578125 0.04375
0.0 0.5359375 0.459375 0.0484375 0.0640625
0.0 0.33125 0.465625 0.034375 0.0625
0.0 0.353125 0.465625 0.0515625 0.034375
0.0 0.6640625 0.4875 0.0890625 0.078125
0.0 0.29375 0.5109375 0.05625 0.10625
0.0 0.23125 0.5328125 0.09375 0.053125
0.0 0.484375 0.565625 0.0796875 0.025
0.0 0.39375 0.584375 0.0734375 0.065625
0.0 0.48125 0.625 0.0546875 0.0328125
0.0 0.628125 0.6546875 0.05 0.140625
0.0 0.6703125 0.6671875 0.071875 0.1359375
0.0 0.5125 0.6765625 0.084375 0.1078125
0.0 0.490625 0.6890625 0.0921875 0.065625
0.0 0.4015625 0.70625 0.075 0.0453125
0.0 0.5828125 0.7171875 0.0359375 0.040625
0.0 0.39375 0.75625 0.0765625 0.0890625
0.0 0.428125 0.7609375 0.1015625 0.040625
0.0 0.2953125 0.7796875 0.1125 0.0953125
0.0 0.634375 0.8015625 0.0265625 0.0546875
0.0 0.6765625 0.8203125 0.1234375 0.01875
0.0 0.7453125 0.2375 0.1125 0.0265625
