0.0 0.4225 0.0025 0.095 0.005
0.0 0.115 0.0325 0.22 0.065
0.0 0.755 0.2175 0.18 0.165
0.0 0.6625 0.1125 0.135 0.225
0.0 0.6575 0.2875 0.265 0.135
0.0 0.885 0.41 0.23 0.24
0.0 0.65 0.435 0.1 0.08
0.0 0.6125 0.7425 0.065 0.085
0.0 0.7075 0.7425 0.065 0.095
0.0 0.6675 0.8275 0.125 0.065
0.0 0.745 0.93 0.19 0.14
0.0 0.9325 0.975 0.075 0.05
0.0 0.9875 0.9525 0.025 0.095
0.0 0.0 0.5975 0.0 0.155
0.0 0.055 0.64 0.08 0.22
0.0 0.15 0.445 0.18 0.09
0.0 0.1675 0.2725 0.095 0.165
0.0 0.1075 0.375 0.125 0.05
0.0 0.055 0.28 0.11 0.11
