0.0 0.1175 0.0525 0.085 0.105
0.0 0.035 0.065 0.07 0.13
0.0 0.2525 0.1275 0.125 0.105
0.0 0.5075 0.1475 0.095 0.075
0.0 0.3775 0.2275 0.215 0.135
0.0 0.1325 0.2425 0.075 0.075
0.0 0.3775 0.3275 0.215 0.065
0.0 0.0775 0.3325 0.155 0.125
0.0 0.7 0.53 0.11 0.17
0.0 0.8025 0.535 0.085 0.13
0.0 0.1175 0.5375 0.235 0.205
0.0 0.3225 0.705 0.175 0.16
0.0 0.5675 0.705 0.175 0.11
0.0 0.1075 0.7625 0.095 0.075
0.0 0.5 0.7875 0.06 0.135
0.0 0.1275 0.9025 0.085 0.125
0.0 0.3675 0.935 0.235 0.13
0.0 0.4075 0.9825 0.155 0.035
