0.0 0.384375 0.2765625 0.05 0.05625
0.0 0.4296875 0.303125 0.0265625 0.0140625
0.0 0.49531250000000004 0.3046875 0.0546875 0.01875
0.0 0.49687499999999996 0.3109375 0.0171875 0.0640625
0.0 0.4359375 0.3609375 0.04375 0.03125
0.0 0.4765625 0.3546875 0.01875 0.040625
0.0 0.41874999999999996 0.3890625 0.053125 0.0203125
0.0 0.4375 0.425 0.025 0.0203125
0.0 0.38749999999999996 0.459375 0.0328125 0.0390625
0.0 0.37968749999999996 0.434375 0.0625 0.04375
0.0 0.396875 0.4921875 0.021875 0.015625
0.0 0.4625 0.478125 0.0546875 0.0703125
0.0 0.396875 0.571875 0.03125 0.0390625
0.0 0.42656249999999996 0.5515625 0.0453125 0.0390625
0.0 0.47968750000000004 0.5734375 0.03125 0.06875
0.0 0.47343749999999996 0.6453125 0.0203125 0.0375
0.0 0.4984375 0.7 0.025 0.015625
0.0 0.534375 0.6859375 0.05 0.0390625
0.0 0.5515625 0.6421875 0.0328125 0.0359375
0.0 0.625 0.7375 0.1140625 0.0234375
0.0 0.6375 0.6921875 0.025 0.028125
0.0 0.6859375 0.6375 0.021875 0.0328125
0.0 0.7234375 0.6484375 0.046875 0.040625
0.0 0.59375 0.5953125 0.071875 0.075
0.0 0.596875 0.5421875 0.0421875 0.0171875
0.0 0.5421875 0.5140625 0.015625 0.025
0.0 0.58125 0.4671875 0.053125 0.01875
0.0 0.59375 0.503125 0.06875 0.0375
0.0 0.634375 0.5109375 0.0171875 0.05
0.0 0.5859375 0.41875 0.0203125 0.028125
0.0 0.578125 0.403125 0.0453125 0.0359375
0.0 0.534375 0.3875 0.0359375 0.03125
0.0 0.5140625 0.3671875 0.025 0.0203125
0.0 0.58125 0.3375 0.0296875 0.0984375
0.0 0.6140625 0.359375 0.028125 0.0328125
0.0 0.6640625 0.415625 0.040625 0.046875
0.0 0.690625 0.44375 0.0234375 0.0140625
0.0 0.675 0.5265625 0.01875 0.05625
0.0 0.740625 0.559375 0.0703125 0.0390625
0.0 0.765625 0.5453125 0.034375 0.028125
0.0 0.7140625 0.503125 0.01875 0.03125
0.0 0.7484375 0.5171875 0.040625 0.0234375
0.0 0.7890625 0.453125 0.028125 0.0171875
0.0 0.771875 0.4671875 0.0328125 0.0171875
0.0 0.803125 0.503125 0.06875 0.040625
0.0 0.8265625 0.5609375 0.0546875 0.01875
0.0 0.815625 0.6484375 0.075 0.0390625
