0.0 0.3734375 0.259375 0.0484375 0.034375
0.0 0.3203125 0.3296875 0.0140625 0.021875
0.0 0.23906249999999996 0.3390625 0.0296875 0.0171875
0.0 0.23906249999999996 0.36875 0.0515625 0.034375
0.0 0.08750000000000002 0.421875 0.0171875 0.0421875
0.0 0.28437500000000004 0.484375 0.059375 0.0265625
0.0 0.22343749999999996 0.55625 0.0328125 0.046875
0.0 0.265625 0.5171875 0.0609375 0.0453125
0.0 0.25625 0.55 0.04375 0.08125
0.0 0.3578125 0.5265625 0.0203125 0.0171875
0.0 0.38593750000000004 0.5640625 0.0171875 0.06875
0.0 0.2984375 0.6953125 0.021875 0.046875
0.0 0.40937500000000004 0.7 0.028125 0.0640625
0.0 0.44062500000000004 0.65625 0.05625 0.034375
0.0 0.41718750000000004 0.5515625 0.0296875 0.0328125
0.0 0.44375 0.528125 0.053125 0.01875
0.0 0.44999999999999996 0.54375 0.01875 0.059375
0.0 0.5109375 0.6515625 0.059375 0.046875
0.0 0.4703125 0.7671875 0.040625 0.040625
0.0 0.5125 0.78125 0.0390625 0.0375
0.0 0.5484375 0.7953125 0.025 0.01875
0.0 0.634375 0.7765625 0.0203125 0.028125
0.0 0.6640625 0.8078125 0.025 0.0390625
0.0 0.60625 0.696875 0.015625 0.015625
0.0 0.5859375 0.678125 0.0296875 0.04375
0.0 0.6609375 0.70625 0.071875 0.0671875
0.0 0.7578125 0.7171875 0.0375 0.04375
0.0 0.7609375 0.6796875 0.01875 0.0171875
0.0 0.75 0.6140625 0.0609375 0.040625
0.0 0.8046875 0.578125 0.034375 0.0171875
0.0 0.8296875 0.5921875 0.0609375 0.078125
0.0 0.7515625 0.578125 0.01875 0.0109375
0.0 0.634375 0.5484375 0.0453125 0.0171875
0.0 0.7328125 0.525 0.0265625 0.025
0.0 0.7359375 0.503125 0.0421875 0.0296875
0.0 0.66875 0.50625 0.028125 0.021875
0.0 0.6625 0.484375 0.015625 0.015625
0.0 0.59375 0.5078125 0.0328125 0.028125
0.0 0.575 0.4703125 0.0171875 0.028125
0.0 0.51875 0.484375 0.0515625 0.0296875
0.0 0.5359375 0.515625 0.0234375 0.0359375
0.0 0.5703125 0.584375 0.0171875 0.0234375
0.0 0.4828125 0.3921875 0.015625 0.01875
0.0 0.7046875 0.3640625 0.0140625 0.028125
0.0 0.690625 0.3890625 0.078125 0.025
