0.0 0.28437500000000004 0.2015625 0.1046875 0.05625
0.0 0.26249999999999996 0.265625 0.040625 0.0265625
0.0 0.2796875 0.31875 0.034375 0.0796875
0.0 0.2265625 0.3671875 0.034375 0.025
0.0 0.23281249999999998 0.4734375 0.0515625 0.0796875
0.0 0.26093750000000004 0.45625 0.0375 0.046875
0.0 0.321875 0.459375 0.0734375 0.0625
0.0 0.34843749999999996 0.39375 0.0421875 0.0921875
0.0 0.39531249999999996 0.428125 0.03125 0.065625
0.0 0.40937500000000004 0.3703125 0.075 0.0921875
0.0 0.3515625 0.259375 0.0203125 0.0390625
0.0 0.3984375 0.2796875 0.0265625 0.08125
0.0 0.39375000000000004 0.21875 0.0453125 0.034375
0.0 0.46562499999999996 0.296875 0.0703125 0.0890625
0.0 0.540625 0.2484375 0.078125 0.1046875
0.0 0.5484375 0.2953125 0.1265625 0.0796875
0.0 0.5296875 0.365625 0.025 0.0625
0.0 0.5046875 0.440625 0.0375 0.11875
0.0 0.5578125 0.4 0.0265625 0.0359375
0.0 0.43437499999999996 0.4890625 0.05625 0.05
0.0 0.3921875 0.5125 0.0359375 0.0328125
0.0 0.28593749999999996 0.6125 0.0296875 0.0390625
0.0 0.25625 0.5875 0.034375 0.046875
0.0 0.26249999999999996 0.6375 0.0890625 0.0640625
0.0 0.37187499999999996 0.68125 0.0765625 0.028125
0.0 0.428125 0.6546875 0.025 0.05
0.0 0.3421875 0.775 0.059375 0.03125
0.0 0.415625 0.75625 0.0203125 0.0296875
0.0 0.41874999999999996 0.5890625 0.0640625 0.0375
0.0 0.5046875 0.5859375 0.04375 0.0765625
0.0 0.5671875 0.6859375 0.0265625 0.0671875
0.0 0.6390625 0.571875 0.025 0.0859375
0.0 0.5609375 0.5578125 0.0890625 0.0671875
0.0 0.7546875 0.5578125 0.1328125 0.0859375
0.0 0.703125 0.7 0.075 0.109375
0.0 0.6890625 0.7765625 0.034375 0.034375
0.0 0.8640625 0.45625 0.03125 0.109375
0.0 0.7828125 0.4625 0.028125 0.0421875
0.0 0.709375 0.415625 0.075 0.134375
0.0 0.6171875 0.4609375 0.025 0.0546875
0.0 0.7203125 0.35 0.0421875 0.0796875
0.0 0.6921875 0.271875 0.0765625 0.040625
0.0 0.6546875 0.2015625 0.0515625 0.0234375
0.0 0.7875 0.215625 0.090625 0.0375
0.0 0.8171875 0.2953125 0.03125 0.0515625
0.0 0.8234375 0.340625 0.1453125 0.06875
