0.0 0.575 0.25625 0.025 0.0171875
0.0 0.7125 0.2671875 0.0171875 0.0265625
0.0 0.5 0.271875 0.0171875 0.0296875
0.0 0.5203125 0.3015625 0.015625 0.025
0.0 0.715625 0.3140625 0.03125 0.01875
0.0 0.5890625 0.3296875 0.028125 0.021875
0.0 0.4921875 0.3375 0.0296875 0.01875
0.0 0.80625 0.353125 0.046875 0.0359375
0.0 0.8671875 0.3828125 0.034375 0.0265625
0.0 0.44843750000000004 0.4 0.0171875 0.01875
0.0 0.7828125 0.403125 0.053125 0.053125
0.0 0.846875 0.4078125 0.06875 0.034375
0.0 0.5765625 0.44375 0.0421875 0.0484375
0.0 0.5453125 0.4890625 0.021875 0.0484375
0.0 0.5203125 0.496875 0.021875 0.0640625
0.0 0.3125 0.50625 0.0140625 0.0203125
0.0 0.6921875 0.515625 0.0484375 0.028125
0.0 0.365625 0.515625 0.05625 0.0703125
0.0 0.59375 0.51875 0.0234375 0.0796875
0.0 0.5 0.51875 0.01875 0.0359375
0.0 0.953125 0.525 0.021875 0.065625
0.0 0.61875 0.5296875 0.0328125 0.04375
0.0 0.3375 0.5375 0.0140625 0.0296875
0.0 0.553125 0.5515625 0.028125 0.0953125
0.0 0.746875 0.5625 0.0234375 0.0375
0.0 0.6234375 0.578125 0.025 0.0328125
0.0 0.6640625 0.6 0.015625 0.0203125
0.0 0.5765625 0.6046875 0.0359375 0.0375
0.0 0.70625 0.6421875 0.0484375 0.0453125
0.0 0.475 0.64375 0.028125 0.0453125
0.0 0.64375 0.6515625 0.0234375 0.0359375
0.0 0.565625 0.6625 0.0296875 0.046875
0.0 0.47343749999999996 0.7 0.025 0.028125
0.0 0.8515625 0.7078125 0.0203125 0.0515625
0.0 0.4609375 0.73125 0.04375 0.03125
0.0 0.721875 0.734375 0.0453125 0.021875
0.0 0.7828125 0.7484375 0.04375 0.0203125
0.0 0.6953125 0.8 0.03125 0.0390625
0.0 0.5296875 0.80625 0.0296875 0.025
0.0 0.75 0.8078125 0.0296875 0.021875
0.0 0.66875 0.2375 0.065625 0.0328125
