0.0 0.3515625 0.19375 0.084375 0.025
0.0 0.353125 0.246875 0.0203125 0.05
0.0 0.4140625 0.2203125 0.0640625 0.0390625
0.0 0.4359375 0.2765625 0.0609375 0.0703125
0.0 0.4796875 0.35 0.0265625 0.0171875
0.0 0.559375 0.2484375 0.065625 0.0375
0.0 0.625 0.221875 0.0640625 0.0796875
0.0 0.68125 0.24375 0.0359375 0.0734375
0.0 0.665625 0.278125 0.1140625 0.075
0.0 0.81875 0.2921875 0.0796875 0.0875
0.0 0.6921875 0.4234375 0.0375 0.0359375
0.0 0.75 0.4359375 0.0546875 0.015625
0.0 0.8390625 0.4671875 0.065625 0.1265625
0.0 0.74375 0.5890625 0.03125 0.0375
0.0 0.6359375 0.5828125 0.05625 0.0484375
0.0 0.59375 0.51875 0.0265625 0.0171875
0.0 0.5484375 0.4234375 0.03125 0.028125
0.0 0.5515625 0.3796875 0.0578125 0.046875
0.0 0.5359375 0.384375 0.0703125 0.0546875
0.0 0.534375 0.328125 0.0421875 0.040625
0.0 0.4703125 0.40625 0.0234375 0.03125
0.0 0.471875 0.5375 0.059375 0.03125
0.0 0.56875 0.6265625 0.0953125 0.0265625
0.0 0.621875 0.6625 0.109375 0.053125
0.0 0.5453125 0.6484375 0.046875 0.0265625
0.0 0.5203125 0.6015625 0.0828125 0.0453125
0.0 0.534375 0.7140625 0.028125 0.021875
0.0 0.4125 0.6484375 0.0171875 0.0265625
0.0 0.371875 0.65 0.0578125 0.0546875
0.0 0.3375 0.7078125 0.053125 0.05
0.0 0.359375 0.7796875 0.046875 0.0484375
0.0 0.2640625 0.7 0.0203125 0.0390625
0.0 0.2890625 0.6890625 0.0390625 0.06875
0.0 0.20625 0.5109375 0.0359375 0.0390625
0.0 0.3015625 0.51875 0.0203125 0.04375
0.0 0.35 0.515625 0.015625 0.034375
0.0 0.3875 0.4609375 0.01875 0.021875
0.0 0.36875 0.3703125 0.0171875 0.034375
0.0 0.325 0.4015625 0.028125 0.05625
0.0 0.3046875 0.4171875 0.0984375 0.040625
0.0 0.28125 0.4671875 0.0703125 0.025
0.0 0.340625 0.4546875 0.059375 0.0515625
0.0 0.2890625 0.3640625 0.0390625 0.103125
0.0 0.2015625 0.2953125 0.059375 0.0171875
0.0 0.2421875 0.3421875 0.04375 0.0984375
0.0 0.096875 0.4609375 0.034375 0.0640625
