0.0 0.4921875 0.259375 0.0578125 0.040625
0.0 0.6984375 0.271875 0.0328125 0.0390625
0.0 0.6125 0.2859375 0.0421875 0.0375
0.0 0.43281250000000004 0.290625 0.01875 0.0421875
0.0 0.2671875 0.3125 0.0328125 0.0703125
0.0 0.54375 0.340625 0.015625 0.0234375
0.0 0.49531250000000004 0.34375 0.025 0.0578125
0.0 0.34062499999999996 0.346875 0.0390625 0.0296875
0.0 0.56875 0.3484375 0.01875 0.0234375
0.0 0.703125 0.3484375 0.096875 0.028125
0.0 0.453125 0.3484375 0.0328125 0.0453125
0.0 0.25468749999999996 0.3765625 0.0640625 0.0234375
0.0 0.6953125 0.3890625 0.05 0.0578125
0.0 0.7296875 0.3953125 0.065625 0.0375
0.0 0.41093749999999996 0.4 0.01875 0.0265625
0.0 0.5234375 0.4171875 0.0375 0.090625
0.0 0.63125 0.43125 0.025 0.0234375
0.0 0.6078125 0.4375 0.025 0.0578125
0.0 0.44062500000000004 0.4390625 0.115625 0.0609375
0.0 0.3734375 0.45 0.025 0.0234375
0.0 0.7984375 0.4578125 0.0671875 0.04375
0.0 0.3125 0.471875 0.040625 0.084375
0.0 0.7421875 0.4953125 0.0203125 0.0765625
0.0 0.5125 0.5046875 0.0359375 0.0296875
0.0 0.578125 0.51875 0.05 0.0609375
0.0 0.49687499999999996 0.53125 0.1453125 0.0703125
0.0 0.5546875 0.5359375 0.0171875 0.0375
0.0 0.328125 0.5703125 0.0453125 0.0234375
0.0 0.3421875 0.640625 0.065625 0.0390625
0.0 0.421875 0.6578125 0.075 0.0390625
0.0 0.21250000000000002 0.1875 0.040625 0.0359375
0.0 0.79375 0.196875 0.06875 0.0359375
0.0 0.69375 0.2046875 0.0828125 0.0484375
0.0 0.53125 0.2109375 0.0234375 0.03125
0.0 0.503125 0.2125 0.021875 0.0515625
0.0 0.34687500000000004 0.23125 0.0234375 0.04375
0.0 0.615625 0.23125 0.06875 0.0390625
0.0 0.32343750000000004 0.2328125 0.084375 0.0328125
0.0 0.5578125 0.2328125 0.0203125 0.0359375
