0.0 0.56875 0.3140625 0.034375 0.0703125
0.0 0.4515625 0.2890625 0.0375 0.0640625
0.0 0.49531250000000004 0.34375 0.0328125 0.0328125
0.0 0.4359375 0.3609375 0.01875 0.0203125
0.0 0.415625 0.39375 0.0328125 0.0265625
0.0 0.4 0.41875 0.01875 0.0203125
0.0 0.3765625 0.4046875 0.0234375 0.053125
0.0 0.32343750000000004 0.3984375 0.046875 0.0625
0.0 0.353125 0.403125 0.0234375 0.0484375
0.0 0.30625 0.4515625 0.04375 0.0328125
0.0 0.3359375 0.5078125 0.065625 0.0328125
0.0 0.3515625 0.5234375 0.0875 0.034375
0.0 0.4140625 0.4890625 0.0171875 0.0453125
0.0 0.39531249999999996 0.5734375 0.025 0.015625
0.0 0.428125 0.628125 0.0328125 0.040625
0.0 0.44062500000000004 0.5828125 0.05625 0.040625
0.0 0.4546875 0.575 0.0484375 0.034375
0.0 0.4703125 0.521875 0.03125 0.0171875
0.0 0.44218749999999996 0.4828125 0.0171875 0.040625
0.0 0.4703125 0.5359375 0.0171875 0.059375
0.0 0.4703125 0.4875 0.015625 0.0328125
0.0 0.4921875 0.48125 0.01875 0.03125
0.0 0.5109375 0.5078125 0.034375 0.0390625
0.0 0.5203125 0.5390625 0.040625 0.03125
0.0 0.5546875 0.6234375 0.0265625 0.025
0.0 0.528125 0.6234375 0.0390625 0.0609375
0.0 0.534375 0.5875 0.03125 0.0140625
0.0 0.55 0.58125 0.053125 0.028125
0.0 0.584375 0.5671875 0.015625 0.034375
0.0 0.559375 0.5515625 0.03125 0.0296875
0.0 0.5578125 0.5015625 0.0296875 0.025
0.0 0.6203125 0.6203125 0.0453125 0.04375
0.0 0.6859375 0.5890625 0.0359375 0.0515625
0.0 0.7375 0.59375 0.028125 0.053125
0.0 0.7890625 0.553125 0.01875 0.065625
0.0 0.6953125 0.528125 0.075 0.0265625
0.0 0.609375 0.5015625 0.065625 0.0734375
0.0 0.6875 0.5046875 0.03125 0.021875
0.0 0.678125 0.4765625 0.0359375 0.028125
0.0 0.646875 0.496875 0.01875 0.0234375
0.0 0.5625 0.43125 0.021875 0.0390625
0.0 0.6078125 0.4078125 0.0265625 0.0671875
0.0 0.6359375 0.38125 0.01875 0.0515625
0.0 0.6765625 0.39375 0.040625 0.071875
0.0 0.5421875 0.3796875 0.0234375 0.0203125
0.0 0.4765625 0.4 0.0421875 0.021875
0.0 0.49687499999999996 0.440625 0.0421875 0.0390625
