0.0 0.2425 0.0125 0.165 0.025
0.0 0.395 0.07 0.12 0.14
0.0 0.495 0.1375 0.24 0.215
0.0 0.5175 0.2975 0.075 0.135
0.0 0.69 0.1775 0.05 0.145
0.0 0.8075 0.25 0.055 0.1
0.0 0.9375 0.3175 0.125 0.125
0.0 0.74 0.005 0.11 0.01
0.0 0.87 0.0725 0.08 0.145
0.0 0.9925 0.015 0.015 0.03
0.0 0.9775 0.145 0.045 0.05
0.0 0.9975 0.4475 0.005 0.135
0.0 0.9825 0.6125 0.035 0.115
0.0 0.9625 0.8475 0.075 0.045
0.0 0.68 0.7525 0.06 0.055
0.0 0.795 0.8475 0.21 0.125
0.0 0.7625 0.605 0.065 0.18
0.0 0.7675 0.63 0.155 0.15
0.0 0.8875 0.4375 0.125 0.075
0.0 0.6075 0.5475 0.095 0.055
0.0 0.5975 0.5125 0.075 0.175
0.0 0.4825 0.46 0.095 0.13
0.0 0.52 0.4775 0.37 0.085
0.0 0.235 0.3175 0.21 0.145
0.0 0.25 0.58 0.08 0.18
0.0 0.525 0.6475 0.27 0.065
0.0 0.5275 0.7275 0.065 0.085
0.0 0.0225 0.085 0.045 0.16
