0.0 0.7725 0.04 0.265 0.08
0.0 0.1375 0.02 0.055 0.04
0.0 0.955 0.0775 0.09 0.105
0.0 0.4225 0.0975 0.095 0.195
0.0 0.08 0.11 0.16 0.21
0.0 0.7325 0.2175 0.215 0.055
0.0 0.5075 0.305 0.065 0.41
0.0 0.74 0.3325 0.21 0.145
0.0 0.9525 0.3675 0.095 0.255
0.0 0.0025 0.3925 0.005 0.225
0.0 0.6875 0.4025 0.125 0.175
0.0 0.93 0.445 0.14 0.08
0.0 0.9775 0.5175 0.045 0.065
0.0 0.12 0.5225 0.1 0.115
0.0 0.215 0.54 0.07 0.2
0.0 0.6675 0.6475 0.215 0.085
0.0 0.9575 0.6875 0.085 0.065
0.0 0.5675 0.7925 0.145 0.085
0.0 0.9825 0.7925 0.035 0.095
0.0 0.3525 0.8325 0.095 0.085
0.0 0.595 0.87 0.27 0.18
