0.0 0.4625 0.2671875 0.028125 0.0578125
0.0 0.434375 0.278125 0.0296875 0.01875
0.0 0.565625 0.296875 0.0671875 0.1125
0.0 0.4515625 0.334375 0.103125 0.04375
0.0 0.4234375 0.375 0.025 0.0375
0.0 0.49375 0.4109375 0.0375 0.0484375
0.0 0.2875 0.415625 0.040625 0.05625
0.0 0.490625 0.41875 0.0546875 0.034375
0.0 0.4171875 0.425 0.0375 0.040625
0.0 0.371875 0.434375 0.05625 0.08125
0.0 0.353125 0.44375 0.0734375 0.0328125
0.0 0.6234375 0.45 0.034375 0.0578125
0.0 0.54375 0.49375 0.05 0.0859375
0.0 0.496875 0.5046875 0.0515625 0.053125
0.0 0.6203125 0.5046875 0.0421875 0.021875
0.0 0.4546875 0.5046875 0.0234375 0.04375
0.0 0.259375 0.50625 0.0453125 0.1
0.0 0.3671875 0.521875 0.0421875 0.0765625
0.0 0.684375 0.5234375 0.0453125 0.0296875
0.0 0.59375 0.53125 0.0828125 0.0203125
0.0 0.4109375 0.5359375 0.0453125 0.08125
0.0 0.6140625 0.5625 0.0625 0.0328125
0.0 0.24375 0.565625 0.025 0.0609375
0.0 0.446875 0.5703125 0.03125 0.025
0.0 0.3578125 0.5734375 0.05 0.0296875
0.0 0.321875 0.575 0.0265625 0.0453125
0.0 0.2875 0.5796875 0.0421875 0.0265625
0.0 0.66875 0.5921875 0.0296875 0.0234375
0.0 0.4640625 0.6 0.065625 0.021875
0.0 0.3578125 0.609375 0.0328125 0.0234375
0.0 0.6640625 0.6328125 0.0703125 0.059375
0.0 0.4453125 0.65 0.01875 0.053125
0.0 0.26875 0.6796875 0.046875 0.0578125
0.0 0.5875 0.6828125 0.0265625 0.10625
0.0 0.7890625 0.709375 0.0734375 0.0359375
0.0 0.4625 0.7328125 0.0515625 0.03125
0.0 0.2859375 0.7390625 0.046875 0.04375
0.0 0.31875 0.7484375 0.0234375 0.028125
0.0 0.3734375 0.7609375 0.0515625 0.046875
0.0 0.2140625 0.775 0.071875 0.0515625
0.0 0.4015625 0.7796875 0.0546875 0.040625
0.0 0.4625 0.78125 0.0265625 0.03125
