0.0 0.7 0.19375 0.015625 0.03125
0.0 0.684375 0.21875 0.0796875 0.025
0.0 0.4765625 0.2234375 0.01875 0.0203125
0.0 0.2796875 0.315625 0.0609375 0.025
0.0 0.259375 0.346875 0.0609375 0.046875
0.0 0.21718749999999998 0.3859375 0.034375 0.0453125
0.0 0.24843749999999998 0.38125 0.04375 0.078125
0.0 0.353125 0.35625 0.0203125 0.015625
0.0 0.38125 0.3953125 0.0171875 0.0703125
0.0 0.4125 0.3828125 0.028125 0.03125
0.0 0.4390625 0.3578125 0.053125 0.0171875
0.0 0.44375 0.3734375 0.0171875 0.059375
0.0 0.5140625 0.315625 0.0515625 0.028125
0.0 0.53125 0.3453125 0.021875 0.0359375
0.0 0.5703125 0.303125 0.0171875 0.028125
0.0 0.5875 0.3375 0.0328125 0.0265625
0.0 0.6578125 0.315625 0.015625 0.015625
0.0 0.665625 0.3359375 0.0265625 0.0234375
0.0 0.728125 0.3546875 0.025 0.0265625
0.0 0.7296875 0.334375 0.04375 0.03125
0.0 0.8015625 0.409375 0.034375 0.01875
0.0 0.746875 0.409375 0.0171875 0.0140625
0.0 0.825 0.4234375 0.0625 0.0765625
0.0 0.7453125 0.446875 0.0578125 0.0421875
0.0 0.6296875 0.3796875 0.046875 0.0171875
0.0 0.5640625 0.415625 0.0171875 0.0234375
0.0 0.43437499999999996 0.4875 0.0578125 0.0328125
0.0 0.4046875 0.5296875 0.028125 0.065625
0.0 0.29218750000000004 0.525 0.021875 0.0484375
0.0 0.46562499999999996 0.5984375 0.040625 0.040625
0.0 0.5078125 0.6125 0.040625 0.0375
0.0 0.5453125 0.6265625 0.025 0.0171875
0.0 0.5046875 0.4828125 0.0609375 0.04375
0.0 0.58125 0.509375 0.03125 0.04375
0.0 0.6 0.528125 0.015625 0.015625
0.0 0.6546875 0.5390625 0.0703125 0.0640625
0.0 0.63125 0.60625 0.0203125 0.03125
0.0 0.6578125 0.6421875 0.0265625 0.05
0.0 0.753125 0.55 0.0390625 0.04375
0.0 0.75625 0.5109375 0.015625 0.0171875
0.0 0.234375 0.2 0.05 0.034375
0.0 0.08281249999999996 0.253125 0.015625 0.04375
0.0 0.5515625 0.809375 0.0375 0.01875
