0.0 0.4275 0.02 0.125 0.04
0.0 0.2875 0.0475 0.125 0.095
0.0 0.9275 0.02 0.145 0.04
0.0 0.9525 0.1375 0.095 0.065
0.0 0.48 0.165 0.2 0.08
0.0 0.8675 0.2075 0.095 0.085
0.0 0.975 0.235 0.05 0.07
0.0 0.0675 0.27 0.105 0.15
0.0 0.485 0.2825 0.06 0.105
0.0 0.9825 0.3075 0.035 0.135
0.0 0.3525 0.3325 0.195 0.105
0.0 0.585 0.3675 0.19 0.105
0.0 0.3075 0.5 0.205 0.12
0.0 0.0275 0.545 0.055 0.08
0.0 0.13 0.645 0.1 0.36
0.0 0.0325 0.6675 0.065 0.115
0.0 0.4775 0.695 0.125 0.09
0.0 0.6325 0.6975 0.215 0.175
0.0 0.98 0.7175 0.04 0.095
0.0 0.95 0.815 0.1 0.13
0.0 0.2575 0.8325 0.155 0.175
0.0 0.085 0.865 0.17 0.15
0.0 0.7925 0.92 0.125 0.13
0.0 0.4375 0.95 0.165 0.1
0.0 0.6275 0.915 0.195 0.17
0.0 0.3625 1.0 0.395 0.0
