0.0 0.5578125 0.2078125 0.0625 0.0421875
0.0 0.5484375 0.25625 0.0328125 0.0671875
0.0 0.525 0.3015625 0.0234375 0.034375
0.0 0.49531250000000004 0.35625 0.046875 0.046875
0.0 0.4453125 0.4 0.0828125 0.078125
0.0 0.4765625 0.5390625 0.0171875 0.053125
0.0 0.49687499999999996 0.5078125 0.1140625 0.0328125
0.0 0.5453125 0.4734375 0.0609375 0.025
0.0 0.5796875 0.3203125 0.015625 0.021875
0.0 0.5609375 0.35 0.025 0.0265625
0.0 0.5859375 0.3953125 0.0421875 0.0828125
0.0 0.64375 0.2328125 0.06875 0.0921875
0.0 0.6765625 0.2921875 0.0203125 0.0265625
0.0 0.6390625 0.3296875 0.0390625 0.0609375
0.0 0.6828125 0.359375 0.028125 0.015625
0.0 0.696875 0.3015625 0.0171875 0.0359375
0.0 0.7125 0.26875 0.0265625 0.04375
0.0 0.753125 0.3109375 0.021875 0.0234375
0.0 0.73125 0.3125 0.0140625 0.025
0.0 0.7140625 0.3703125 0.0578125 0.04375
0.0 0.6453125 0.390625 0.04375 0.0171875
0.0 0.6375 0.4578125 0.0265625 0.0421875
0.0 0.6 0.4375 0.0375 0.0453125
0.0 0.5765625 0.53125 0.0296875 0.0375
0.0 0.5578125 0.5765625 0.090625 0.046875
0.0 0.615625 0.6296875 0.0390625 0.0359375
0.0 0.6046875 0.6375 0.0859375 0.05
0.0 0.6109375 0.6671875 0.08125 0.0453125
0.0 0.7015625 0.703125 0.0375 0.0421875
0.0 0.734375 0.659375 0.015625 0.025
0.0 0.6765625 0.6015625 0.01875 0.0234375
0.0 0.6453125 0.5515625 0.053125 0.0484375
0.0 0.7 0.5890625 0.0234375 0.084375
0.0 0.7390625 0.571875 0.01875 0.0234375
0.0 0.725 0.6171875 0.0765625 0.1015625
0.0 0.815625 0.5828125 0.0734375 0.034375
0.0 0.809375 0.5796875 0.0375 0.0609375
0.0 0.8109375 0.5359375 0.025 0.0734375
0.0 0.8046875 0.5109375 0.053125 0.040625
0.0 0.7578125 0.53125 0.0203125 0.03125
0.0 0.7265625 0.4890625 0.021875 0.04375
0.0 0.7546875 0.5046875 0.078125 0.059375
0.0 0.815625 0.4625 0.028125 0.0578125
0.0 0.828125 0.4109375 0.046875 0.0234375
0.0 0.8484375 0.3359375 0.0625 0.028125
0.0 0.853125 0.390625 0.028125 0.0171875
0.0 0.7921875 0.34375 0.01875 0.065625
0.0 0.6609375 0.484375 0.028125 0.0421875
