0.0 0.7675 0.21 0.105 0.13
0.0 0.7425 0.3025 0.145 0.145
0.0 0.4475 0.3425 0.155 0.235
0.0 0.46 0.49 0.24 0.16
0.0 0.1825 0.2725 0.095 0.085
0.0 0.6575 0.5075 0.105 0.115
0.0 0.1525 0.3925 0.155 0.115
0.0 0.03 0.46 0.06 0.22
0.0 0.0275 0.8925 0.055 0.215
0.0 0.055 0.7125 0.11 0.225
0.0 0.1425 0.8375 0.135 0.085
0.0 0.1875 0.925 0.215 0.15
0.0 0.285 0.9625 0.14 0.075
0.0 0.2725 0.7375 0.305 0.185
0.0 0.46 0.8975 0.08 0.165
0.0 0.4925 0.9975 0.195 0.005
0.0 0.7825 0.9125 0.095 0.135
0.0 0.61 0.7875 0.15 0.225
0.0 0.7225 0.7325 0.095 0.145
0.0 0.9025 0.7225 0.155 0.105
0.0 0.8775 0.72 0.155 0.24
0.0 0.9775 0.4775 0.045 0.425
0.0 0.8625 0.3925 0.095 0.065
