0.0 0.26875000000000004 0.3015625 0.0265625 0.0328125
0.0 0.296875 0.3125 0.025 0.028125
0.0 0.31718749999999996 0.3390625 0.0390625 0.046875
0.0 0.40937500000000004 0.340625 0.028125 0.075
0.0 0.46875 0.3765625 0.021875 0.0171875
0.0 0.49531250000000004 0.3890625 0.0296875 0.059375
0.0 0.49531250000000004 0.39375 0.034375 0.0171875
0.0 0.23593750000000002 0.4015625 0.0234375 0.05
0.0 0.43437499999999996 0.425 0.0328125 0.0265625
0.0 0.584375 0.4359375 0.0265625 0.0203125
0.0 0.48124999999999996 0.440625 0.0625 0.025
0.0 0.54375 0.4515625 0.021875 0.0359375
0.0 0.37812500000000004 0.4671875 0.0453125 0.021875
0.0 0.628125 0.4734375 0.025 0.0234375
0.0 0.5140625 0.4828125 0.03125 0.0265625
0.0 0.4515625 0.4828125 0.0765625 0.0359375
0.0 0.4671875 0.4921875 0.03125 0.0734375
0.0 0.5390625 0.5 0.0375 0.04375
0.0 0.33125000000000004 0.5015625 0.01875 0.0203125
0.0 0.6125 0.5015625 0.0421875 0.03125
0.0 0.30781250000000004 0.50625 0.021875 0.021875
0.0 0.38593750000000004 0.5078125 0.0453125 0.0203125
0.0 0.29374999999999996 0.5078125 0.0609375 0.065625
0.0 0.35468750000000004 0.5296875 0.0265625 0.028125
0.0 0.3890625 0.53125 0.021875 0.0234375
0.0 0.53125 0.5359375 0.0546875 0.040625
0.0 0.6390625 0.5375 0.0375 0.0171875
0.0 0.41874999999999996 0.546875 0.0515625 0.053125
0.0 0.3046875 0.565625 0.021875 0.05
0.0 0.61875 0.56875 0.0171875 0.0234375
0.0 0.3671875 0.5703125 0.0421875 0.0390625
0.0 0.540625 0.5734375 0.0328125 0.0578125
0.0 0.56875 0.5796875 0.025 0.0375
0.0 0.43437499999999996 0.58125 0.025 0.0296875
0.0 0.5984375 0.58125 0.028125 0.04375
0.0 0.640625 0.5859375 0.028125 0.01875
0.0 0.5046875 0.596875 0.0234375 0.0453125
0.0 0.47968750000000004 0.6015625 0.0234375 0.0328125
0.0 0.365625 0.6078125 0.0203125 0.046875
0.0 0.40625 0.625 0.053125 0.04375
0.0 0.3375 0.64375 0.05 0.0421875
0.0 0.4546875 0.646875 0.01875 0.0203125
0.0 0.50625 0.6484375 0.04375 0.03125
0.0 0.528125 0.659375 0.0359375 0.0359375
0.0 0.55 0.6703125 0.028125 0.0265625
0.0 0.38125 0.7015625 0.0484375 0.05
