0.0 0.41093749999999996 0.2921875 0.0328125 0.0484375
0.0 0.603125 0.44375 0.0234375 0.0203125
0.0 0.553125 0.5484375 0.0234375 0.075
0.0 0.58125 0.5796875 0.0234375 0.0296875
0.0 0.5078125 0.5828125 0.0578125 0.021875
0.0 0.47343749999999996 0.603125 0.071875 0.0203125
0.0 0.5234375 0.640625 0.0921875 0.05
0.0 0.37187499999999996 0.709375 0.028125 0.05
0.0 0.23281249999999998 0.75625 0.0203125 0.071875
0.0 0.37031250000000004 0.790625 0.0203125 0.0484375
0.0 0.40156250000000004 0.7640625 0.025 0.034375
0.0 0.4546875 0.7234375 0.053125 0.0203125
0.0 0.44062500000000004 0.8140625 0.03125 0.025
0.0 0.528125 0.76875 0.096875 0.040625
0.0 0.5625 0.7390625 0.0671875 0.046875
0.0 0.5359375 0.75 0.0453125 0.034375
0.0 0.559375 0.728125 0.059375 0.090625
0.0 0.628125 0.7203125 0.0171875 0.0484375
0.0 0.603125 0.8078125 0.0484375 0.021875
0.0 0.6625 0.7703125 0.0390625 0.0140625
0.0 0.6640625 0.7765625 0.0125 0.040625
0.0 0.7078125 0.809375 0.0140625 0.0203125
0.0 0.746875 0.81875 0.0171875 0.0140625
0.0 0.74375 0.7765625 0.0484375 0.0703125
0.0 0.7078125 0.7171875 0.0390625 0.0265625
0.0 0.7015625 0.6359375 0.0265625 0.0296875
0.0 0.6546875 0.665625 0.03125 0.0203125
0.0 0.675 0.653125 0.0375 0.0265625
0.0 0.6359375 0.5859375 0.0171875 0.0390625
0.0 0.6640625 0.55 0.040625 0.0515625
0.0 0.79375 0.58125 0.028125 0.0265625
