0.0 0.2825 0.0275 0.255 0.055
0.0 0.3675 0.125 0.135 0.17
0.0 0.5825 0.14 0.285 0.1
0.0 0.72 0.3275 0.15 0.115
0.0 0.9225 0.305 0.155 0.15
0.0 0.9475 0.5575 0.105 0.305
0.0 0.6475 0.4275 0.135 0.125
0.0 0.69 0.56 0.35 0.22
0.0 0.6725 0.69 0.285 0.45
0.0 0.57 0.8775 0.17 0.115
0.0 0.5025 0.6925 0.315 0.305
0.0 0.1825 0.36 0.365 0.13
0.0 0.01 0.2625 0.02 0.115
0.0 0.25 0.53 0.21 0.19
0.0 0.4575 0.9675 0.205 0.065
0.0 0.2525 0.9475 0.075 0.105
0.0 0.1825 0.985 0.155 0.03
0.0 0.99 0.885 0.02 0.1
0.0 0.0325 0.815 0.065 0.37
0.0 0.0025 0.4875 0.005 0.145
