0.0 0.728125 0.265625 0.040625 0.115625
0.0 0.625 0.2765625 0.09375 0.0703125
0.0 0.3484375 0.2921875 0.0546875 0.0734375
0.0 0.5734375 0.33125 0.0421875 0.03125
0.0 0.8296875 0.35 0.0484375 0.0765625
0.0 0.7390625 0.3609375 0.0953125 0.0578125
0.0 0.36875 0.3625 0.0234375 0.0546875
0.0 0.54375 0.384375 0.0515625 0.0296875
0.0 0.46875 0.390625 0.0296875 0.065625
0.0 0.228125 0.3921875 0.096875 0.1046875
0.0 0.7640625 0.39375 0.071875 0.05
0.0 0.475 0.4375 0.0265625 0.0390625
0.0 0.546875 0.4421875 0.0609375 0.065625
0.0 0.3703125 0.4546875 0.1375 0.0484375
0.0 0.675 0.4671875 0.059375 0.06875
0.0 0.8390625 0.475 0.04375 0.0640625
0.0 0.509375 0.50625 0.0515625 0.0328125
0.0 0.7671875 0.5125 0.03125 0.05
0.0 0.4328125 0.5296875 0.03125 0.0296875
0.0 0.86875 0.5328125 0.0328125 0.0578125
0.0 0.6859375 0.5390625 0.121875 0.0546875
0.0 0.7921875 0.5578125 0.0390625 0.0390625
0.0 0.509375 0.56875 0.0859375 0.0421875
0.0 0.1609375 0.5703125 0.034375 0.0859375
0.0 0.3671875 0.571875 0.028125 0.084375
0.0 0.478125 0.571875 0.046875 0.140625
0.0 0.3125 0.584375 0.0921875 0.04375
0.0 0.534375 0.61875 0.053125 0.034375
0.0 0.7265625 0.628125 0.0953125 0.05625
0.0 0.6046875 0.63125 0.025 0.053125
0.0 0.41875 0.634375 0.028125 0.075
0.0 0.784375 0.6375 0.0671875 0.0625
0.0 0.315625 0.653125 0.0453125 0.034375
0.0 0.5015625 0.653125 0.0375 0.0375
0.0 0.29375 0.659375 0.0453125 0.0734375
0.0 0.5578125 0.6609375 0.0546875 0.0609375
0.0 0.725 0.6625 0.0265625 0.034375
0.0 0.240625 0.696875 0.0296875 0.0984375
0.0 0.6796875 0.6984375 0.0265625 0.05
0.0 0.7875 0.7078125 0.0828125 0.09375
0.0 0.3484375 0.71875 0.0578125 0.075
0.0 0.6109375 0.7828125 0.0328125 0.0296875
0.0 0.359375 0.8046875 0.0640625 0.0359375
0.0 0.5609375 0.80625 0.0375 0.034375
0.0 0.4375 0.1984375 0.065625 0.0578125
0.0 0.5484375 0.2328125 0.0859375 0.0703125
