0.0 0.271875 0.265625 0.040625 0.115625
0.0 0.375 0.2765625 0.09375 0.0703125
0.0 0.6515625 0.2921875 0.0546875 0.0734375
0.0 0.42656249999999996 0.33125 0.0421875 0.03125
0.0 0.17031249999999998 0.35 0.0484375 0.0765625
0.0 0.26093750000000004 0.3609375 0.0953125 0.0578125
0.0 0.63125 0.3625 0.0234375 0.0546875
0.0 0.45625000000000004 0.384375 0.0515625 0.0296875
0.0 0.53125 0.390625 0.0296875 0.065625
0.0 0.771875 0.3921875 0.096875 0.1046875
0.0 0.23593750000000002 0.39375 0.071875 0.05
0.0 0.525 0.4375 0.0265625 0.0390625
0.0 0.453125 0.4421875 0.0609375 0.065625
0.0 0.6296875 0.4546875 0.1375 0.0484375
0.0 0.32499999999999996 0.4671875 0.059375 0.06875
0.0 0.16093749999999996 0.475 0.04375 0.0640625
0.0 0.490625 0.50625 0.0515625 0.0328125
0.0 0.23281249999999998 0.5125 0.03125 0.05
0.0 0.5671875 0.5296875 0.03125 0.0296875
0.0 0.13124999999999998 0.5328125 0.0328125 0.0578125
0.0 0.3140625 0.5390625 0.121875 0.0546875
0.0 0.20781249999999996 0.5578125 0.0390625 0.0390625
0.0 0.490625 0.56875 0.0859375 0.0421875
0.0 0.8390625 0.5703125 0.034375 0.0859375
0.0 0.6328125 0.571875 0.028125 0.084375
0.0 0.521875 0.571875 0.046875 0.140625
0.0 0.6875 0.584375 0.0921875 0.04375
0.0 0.46562499999999996 0.61875 0.053125 0.034375
0.0 0.2734375 0.628125 0.0953125 0.05625
0.0 0.39531249999999996 0.63125 0.025 0.053125
0.0 0.58125 0.634375 0.028125 0.075
0.0 0.21562499999999996 0.6375 0.0671875 0.0625
0.0 0.684375 0.653125 0.0453125 0.034375
0.0 0.4984375 0.653125 0.0375 0.0375
0.0 0.70625 0.659375 0.0453125 0.0734375
0.0 0.44218749999999996 0.6609375 0.0546875 0.0609375
0.0 0.275 0.6625 0.0265625 0.034375
0.0 0.759375 0.696875 0.0296875 0.0984375
0.0 0.3203125 0.6984375 0.0265625 0.05
0.0 0.21250000000000002 0.7078125 0.0828125 0.09375
0.0 0.6515625 0.71875 0.0578125 0.075
0.0 0.3890625 0.7828125 0.0328125 0.0296875
0.0 0.640625 0.8046875 0.0640625 0.0359375
0.0 0.4390625 0.80625 0.0375 0.034375
0.0 0.5625 0.1984375 0.065625 0.0578125
0.0 0.4515625 0.2328125 0.0859375 0.0703125
