0.0 0.9825 0.1 0.035 0.07
0.0 0.955 0.7875 0.09 0.075
0.0 0.9825 0.52 0.035 0.13
0.0 0.7825 0.505 0.075 0.12
0.0 0.755 0.295 0.05 0.08
0.0 0.7625 0.14 0.065 0.07
0.0 0.72 0.035 0.06 0.07
0.0 0.495 0.3075 0.1 0.055
0.0 0.6325 0.415 0.065 0.11
0.0 0.3375 0.4025 0.165 0.125
0.0 0.3175 0.6475 0.085 0.155
0.0 0.4475 0.7475 0.065 0.185
0.0 0.6725 0.8525 0.065 0.105
0.0 0.955 0.9725 0.09 0.055
0.0 0.8775 0.9775 0.095 0.045
0.0 0.5575 0.99 0.105 0.02
0.0 0.4325 0.9925 0.115 0.015
0.0 0.2525 0.95 0.115 0.1
