0.0 0.2375 0.209375 0.034375 0.034375
0.0 0.38125 0.2296875 0.1359375 0.0578125
0.0 0.4984375 0.253125 0.0328125 0.0328125
0.0 0.5609375 0.2890625 0.05 0.0265625
0.0 0.665625 0.2984375 0.1046875 0.0390625
0.0 0.678125 0.2890625 0.0265625 0.0625
0.0 0.6953125 0.3453125 0.0765625 0.0375
0.0 0.83125 0.421875 0.0453125 0.0953125
0.0 0.775 0.434375 0.025 0.028125
0.0 0.725 0.4671875 0.0421875 0.078125
0.0 0.68125 0.4578125 0.040625 0.0734375
0.0 0.63125 0.4703125 0.0484375 0.0453125
0.0 0.7109375 0.553125 0.0578125 0.0671875
0.0 0.8328125 0.5625 0.053125 0.0375
0.0 0.8796875 0.621875 0.0328125 0.1375
0.0 0.86875 0.7234375 0.109375 0.0296875
0.0 0.7515625 0.68125 0.0546875 0.0578125
0.0 0.76875 0.7828125 0.05625 0.0765625
0.0 0.6828125 0.7953125 0.075 0.0421875
0.0 0.6234375 0.728125 0.0515625 0.0640625
0.0 0.6921875 0.6859375 0.025 0.0609375
0.0 0.5 0.671875 0.0296875 0.046875
0.0 0.5296875 0.615625 0.034375 0.0203125
0.0 0.621875 0.56875 0.0328125 0.05625
0.0 0.45625 0.5390625 0.025 0.021875
0.0 0.41875 0.571875 0.0890625 0.0203125
0.0 0.4265625 0.625 0.0375 0.14375
0.0 0.453125 0.703125 0.046875 0.0921875
0.0 0.3640625 0.7375 0.021875 0.0375
0.0 0.3125 0.7296875 0.0390625 0.040625
0.0 0.371875 0.678125 0.0375 0.0453125
0.0 0.2765625 0.6609375 0.03125 0.0328125
0.0 0.3109375 0.54375 0.090625 0.078125
0.0 0.3 0.471875 0.0375 0.046875
0.0 0.36875 0.46875 0.06875 0.078125
0.0 0.415625 0.48125 0.0765625 0.065625
0.0 0.4453125 0.3765625 0.03125 0.021875
0.0 0.5515625 0.35 0.0578125 0.071875
0.0 0.290625 0.3421875 0.096875 0.0765625
0.0 0.290625 0.2625 0.1359375 0.0453125
0.0 0.18125 0.2921875 0.034375 0.0265625
0.0 0.165625 0.3765625 0.028125 0.0546875
0.0 0.2046875 0.4734375 0.025 0.075
0.0 0.1578125 0.4953125 0.075 0.1078125
0.0 0.109375 0.5421875 0.0234375 0.1140625
0.0 0.096875 0.6203125 0.0484375 0.046875
