0.0 0.40156250000000004 0.209375 0.0359375 0.0578125
0.0 0.44999999999999996 0.21875 0.0296875 0.040625
0.0 0.43125 0.2515625 0.025 0.0171875
0.0 0.4859375 0.209375 0.034375 0.05
0.0 0.525 0.2203125 0.0265625 0.0515625
0.0 0.5484375 0.2546875 0.034375 0.0453125
0.0 0.5828125 0.2578125 0.0359375 0.0515625
0.0 0.5703125 0.2203125 0.03125 0.01875
0.0 0.44062500000000004 0.30625 0.0359375 0.034375
0.0 0.4046875 0.3375 0.065625 0.025
0.0 0.33125000000000004 0.35 0.01875 0.0359375
0.0 0.26249999999999996 0.271875 0.0328125 0.015625
0.0 0.25625 0.378125 0.0546875 0.0375
0.0 0.30625 0.390625 0.040625 0.025
0.0 0.30625 0.3921875 0.03125 0.0625
0.0 0.4375 0.4453125 0.0234375 0.0625
0.0 0.4359375 0.50625 0.1015625 0.0234375
0.0 0.5390625 0.496875 0.03125 0.0328125
0.0 0.5765625 0.4578125 0.025 0.01875
0.0 0.6359375 0.4421875 0.0578125 0.0546875
0.0 0.6046875 0.4828125 0.0328125 0.03125
0.0 0.63125 0.5109375 0.04375 0.0296875
0.0 0.5765625 0.5171875 0.0578125 0.040625
0.0 0.6296875 0.5453125 0.0671875 0.0234375
0.0 0.6359375 0.5890625 0.025 0.0578125
0.0 0.5125 0.6421875 0.015625 0.0265625
0.0 0.4703125 0.6484375 0.0375 0.0453125
0.0 0.459375 0.6203125 0.0703125 0.0484375
0.0 0.5171875 0.66875 0.0453125 0.01875
0.0 0.4921875 0.6953125 0.0375 0.021875
0.0 0.3453125 0.696875 0.0203125 0.0171875
0.0 0.32499999999999996 0.73125 0.0265625 0.025
0.0 0.35624999999999996 0.6484375 0.0453125 0.040625
0.0 0.334375 0.5875 0.0171875 0.021875
0.0 0.234375 0.615625 0.0328125 0.021875
0.0 0.23593750000000002 0.5265625 0.04375 0.0203125
0.0 0.2671875 0.528125 0.0265625 0.04375
0.0 0.74375 0.446875 0.0296875 0.0796875
0.0 0.6546875 0.309375 0.10625 0.046875
0.0 0.659375 0.2640625 0.03125 0.05625
0.0 0.71875 0.246875 0.0953125 0.040625
