0.0 0.41093749999999996 0.228125 0.0953125 0.059375
0.0 0.49531250000000004 0.2875 0.03125 0.0390625
0.0 0.4671875 0.278125 0.0328125 0.065625
0.0 0.44218749999999996 0.3046875 0.0609375 0.040625
0.0 0.39375000000000004 0.31875 0.03125 0.0203125
0.0 0.43281250000000004 0.340625 0.053125 0.0171875
0.0 0.3578125 0.378125 0.01875 0.025
0.0 0.353125 0.40625 0.059375 0.01875
0.0 0.4234375 0.3765625 0.0296875 0.01875
0.0 0.35624999999999996 0.4640625 0.0296875 0.034375
0.0 0.44843750000000004 0.5359375 0.0671875 0.0578125
0.0 0.41093749999999996 0.5171875 0.109375 0.075
0.0 0.415625 0.471875 0.059375 0.084375
0.0 0.35 0.59375 0.0390625 0.096875
0.0 0.23124999999999996 0.61875 0.0796875 0.0484375
0.0 0.27031249999999996 0.6703125 0.05 0.0609375
0.0 0.42656249999999996 0.590625 0.053125 0.028125
0.0 0.45625000000000004 0.6421875 0.0296875 0.0296875
0.0 0.446875 0.61875 0.1015625 0.0859375
0.0 0.49531250000000004 0.64375 0.0203125 0.03125
0.0 0.559375 0.634375 0.05625 0.01875
0.0 0.5546875 0.6734375 0.09375 0.025
0.0 0.5796875 0.71875 0.0703125 0.0328125
0.0 0.6453125 0.671875 0.06875 0.0421875
0.0 0.6453125 0.721875 0.0390625 0.0390625
0.0 0.60625 0.775 0.0484375 0.078125
0.0 0.484375 0.790625 0.0328125 0.0328125
0.0 0.4390625 0.7984375 0.059375 0.0359375
0.0 0.753125 0.6359375 0.1125 0.0921875
0.0 0.69375 0.596875 0.090625 0.0421875
0.0 0.775 0.515625 0.0421875 0.0859375
0.0 0.5859375 0.56875 0.0546875 0.021875
0.0 0.5640625 0.54375 0.046875 0.0453125
0.0 0.5203125 0.5359375 0.0453125 0.0625
0.0 0.6015625 0.521875 0.1234375 0.0796875
0.0 0.575 0.4453125 0.0328125 0.0703125
0.0 0.540625 0.3890625 0.05625 0.0265625
0.0 0.5359375 0.39375 0.0265625 0.071875
0.0 0.5 0.3734375 0.025 0.0390625
0.0 0.4765625 0.3734375 0.0421875 0.103125
0.0 0.4703125 0.453125 0.03125 0.0234375
0.0 0.47343749999999996 0.48125 0.0265625 0.034375
0.0 0.6109375 0.346875 0.0640625 0.0515625
0.0 0.575 0.2953125 0.0421875 0.071875
0.0 0.5296875 0.2390625 0.059375 0.0703125
0.0 0.2984375 0.78125 0.0234375 0.0171875
