0.0 0.93 0.035 0.09 0.07
0.0 0.385 0.0625 0.17 0.115
0.0 0.9025 0.1075 0.175 0.065
0.0 0.3375 0.1725 0.085 0.065
0.0 0.85 0.2425 0.05 0.135
0.0 0.3 0.2675 0.16 0.115
0.0 0.42 0.29 0.2 0.1
0.0 0.5925 0.295 0.125 0.07
0.0 0.445 0.2975 0.15 0.135
0.0 0.4975 0.37 0.075 0.06
0.0 0.2225 0.445 0.055 0.07
0.0 0.105 0.4675 0.06 0.185
0.0 0.66 0.5275 0.06 0.075
0.0 0.355 0.5475 0.06 0.085
0.0 0.4925 0.5675 0.165 0.175
0.0 0.2375 0.6 0.195 0.15
0.0 0.49 0.6025 0.16 0.095
0.0 0.1875 0.7325 0.085 0.095
0.0 0.0075 0.875 0.015 0.25
0.0 0.0425 0.9025 0.075 0.085
