0.0 0.359375 0.271875 0.05625 0.0765625
0.0 0.3296875 0.275 0.0421875 0.025
0.0 0.55 0.275 0.03125 0.0640625
0.0 0.47968750000000004 0.2984375 0.046875 0.0609375
0.0 0.4453125 0.3015625 0.0453125 0.05625
0.0 0.6140625 0.3203125 0.0375 0.0734375
0.0 0.5546875 0.334375 0.0734375 0.121875
0.0 0.334375 0.3359375 0.0671875 0.05
0.0 0.28437500000000004 0.3375 0.028125 0.0234375
0.0 0.384375 0.3390625 0.05625 0.0328125
0.0 0.5046875 0.3640625 0.0359375 0.0421875
0.0 0.33906250000000004 0.375 0.0671875 0.05
0.0 0.2421875 0.375 0.025 0.025
0.0 0.6609375 0.3890625 0.0375 0.08125
0.0 0.5765625 0.4046875 0.0796875 0.0578125
0.0 0.5046875 0.4109375 0.0625 0.0515625
0.0 0.22812500000000002 0.434375 0.0453125 0.071875
0.0 0.2953125 0.4359375 0.078125 0.0625
0.0 0.7203125 0.446875 0.0234375 0.0390625
0.0 0.32499999999999996 0.471875 0.071875 0.0703125
0.0 0.6 0.475 0.05 0.0703125
0.0 0.25312500000000004 0.4828125 0.0578125 0.028125
0.0 0.4234375 0.484375 0.040625 0.0765625
0.0 0.43125 0.509375 0.0734375 0.0828125
0.0 0.55625 0.515625 0.0265625 0.059375
0.0 0.5265625 0.521875 0.05625 0.0890625
0.0 0.6984375 0.528125 0.0546875 0.06875
0.0 0.359375 0.53125 0.0546875 0.065625
0.0 0.33125000000000004 0.5328125 0.1109375 0.0546875
0.0 0.5 0.5421875 0.0390625 0.040625
0.0 0.43125 0.54375 0.0265625 0.0296875
0.0 0.625 0.553125 0.0234375 0.034375
0.0 0.671875 0.5671875 0.03125 0.0296875
0.0 0.56875 0.56875 0.0765625 0.0625
0.0 0.3125 0.5703125 0.0359375 0.0375
0.0 0.45625000000000004 0.5734375 0.0734375 0.040625
0.0 0.35468750000000004 0.6 0.034375 0.0453125
0.0 0.296875 0.61875 0.0484375 0.0484375
0.0 0.4671875 0.6203125 0.040625 0.046875
0.0 0.43125 0.625 0.065625 0.034375
0.0 0.65 0.6390625 0.053125 0.0296875
0.0 0.37968749999999996 0.6453125 0.1125 0.0953125
0.0 0.4203125 0.6484375 0.034375 0.0296875
0.0 0.6359375 0.6796875 0.040625 0.021875
0.0 0.384375 0.7 0.05625 0.0375
0.0 0.44218749999999996 0.246875 0.0578125 0.040625
