0.0 0.94 0.005 0.06 0.01
0.0 0.065 0.0225 0.13 0.045
0.0 0.8275 0.005 0.105 0.01
0.0 0.5675 0.0125 0.215 0.025
0.0 0.7625 0.0775 0.105 0.115
0.0 0.3975 0.1425 0.135 0.285
0.0 0.3275 0.1575 0.215 0.115
0.0 0.87 0.2925 0.09 0.175
0.0 0.3175 0.365 0.165 0.11
0.0 0.8375 0.4175 0.175 0.065
0.0 0.2725 0.4775 0.095 0.075
0.0 0.7875 0.55 0.065 0.14
0.0 0.24 0.5775 0.15 0.115
0.0 0.3575 0.585 0.185 0.1
0.0 0.5325 0.6 0.135 0.06
0.0 0.395 0.6025 0.17 0.125
0.0 0.4375 0.6725 0.075 0.075
0.0 0.1625 0.7425 0.055 0.075
0.0 0.0425 0.7725 0.065 0.185
0.0 0.5975 0.8275 0.065 0.075
0.0 0.2875 0.8575 0.055 0.085
0.0 0.4275 0.8675 0.165 0.165
0.0 0.1775 0.8975 0.195 0.155
0.0 0.43 0.9025 0.16 0.085
0.0 0.1325 0.9925 0.085 0.015
