0.0 0.715625 0.23125 0.090625 0.0671875
0.0 0.8578125 0.253125 0.0515625 0.0375
0.0 0.5203125 0.2859375 0.053125 0.0359375
0.0 0.421875 0.3375 0.0390625 0.034375
0.0 0.3265625 0.328125 0.03125 0.04375
0.0 0.3140625 0.36875 0.06875 0.0265625
0.0 0.19218749999999996 0.35 0.0328125 0.0203125
0.0 0.290625 0.4734375 0.021875 0.0265625
0.0 0.31718749999999996 0.465625 0.0390625 0.046875
0.0 0.26093750000000004 0.50625 0.0640625 0.01875
0.0 0.25625 0.5171875 0.021875 0.08125
0.0 0.19843750000000004 0.5109375 0.0265625 0.0203125
0.0 0.16249999999999998 0.5203125 0.03125 0.040625
0.0 0.125 0.53125 0.015625 0.0234375
0.0 0.078125 0.509375 0.0234375 0.0578125
0.0 0.0546875 0.55 0.015625 0.021875
0.0 0.0859375 0.5625 0.021875 0.0359375
0.0 0.09531250000000002 0.68125 0.028125 0.05625
0.0 0.140625 0.65 0.0359375 0.0171875
0.0 0.15937500000000004 0.7078125 0.0453125 0.090625
0.0 0.1875 0.6609375 0.021875 0.053125
0.0 0.1953125 0.609375 0.0234375 0.01875
0.0 0.2515625 0.71875 0.03125 0.021875
0.0 0.34062499999999996 0.690625 0.034375 0.028125
0.0 0.41093749999999996 0.675 0.0515625 0.0625
0.0 0.53125 0.6796875 0.0953125 0.05
0.0 0.534375 0.746875 0.078125 0.0421875
0.0 0.696875 0.703125 0.0390625 0.0328125
0.0 0.6546875 0.7296875 0.034375 0.06875
0.0 0.834375 0.60625 0.0203125 0.0265625
0.0 0.6546875 0.5875 0.0578125 0.0328125
0.0 0.596875 0.55625 0.046875 0.025
0.0 0.50625 0.578125 0.0421875 0.0515625
0.0 0.42500000000000004 0.528125 0.0953125 0.028125
0.0 0.415625 0.490625 0.053125 0.059375
0.0 0.415625 0.440625 0.025 0.0390625
0.0 0.534375 0.3765625 0.0359375 0.01875
0.0 0.2578125 0.2515625 0.0234375 0.025
0.0 0.7375 0.1828125 0.0390625 0.025
0.0 0.503125 0.1859375 0.01875 0.0296875
