0.0 0.965 0.0575 0.07 0.115
0.0 0.9525 0.23 0.055 0.15
0.0 0.7125 0.2625 0.075 0.165
0.0 0.5725 0.1325 0.175 0.075
0.0 0.635 0.3725 0.1 0.135
0.0 0.5525 0.37 0.115 0.12
0.0 0.4525 0.425 0.095 0.09
0.0 0.14 0.37 0.08 0.08
0.0 0.7775 0.57 0.055 0.11
0.0 0.905 0.71 0.13 0.11
0.0 0.8125 0.68 0.135 0.19
0.0 0.8675 0.8225 0.175 0.095
0.0 0.9525 0.9475 0.095 0.105
0.0 0.235 0.95 0.07 0.1
0.0 0.6925 0.905 0.135 0.07
0.0 0.6075 0.7 0.085 0.06
0.0 0.355 0.7175 0.19 0.075
0.0 0.44 0.8 0.27 0.1
0.0 0.0675 0.985 0.075 0.03
0.0 0.1775 0.975 0.135 0.05
