0.0 0.3075 0.13 0.105 0.2
0.0 0.4875 0.2225 0.065 0.065
0.0 0.12 0.3125 0.12 0.145
0.0 0.1225 0.5125 0.165 0.185
0.0 0.32 0.615 0.1 0.17
0.0 0.4775 0.5575 0.115 0.095
0.0 0.5725 0.4175 0.075 0.045
0.0 0.7225 0.515 0.045 0.1
0.0 0.635 0.68 0.06 0.04
0.0 0.77 0.7175 0.07 0.175
0.0 0.9025 0.6125 0.065 0.045
0.0 0.65 0.005 0.1 0.01
0.0 0.95 0.0 0.07 0.0
0.0 0.8375 0.08 0.135 0.16
0.0 0.7125 0.0875 0.155 0.075
0.0 0.98 0.455 0.04 0.14
0.0 0.8275 0.2925 0.095 0.235
0.0 0.8825 0.4225 0.145 0.105
0.0 0.99 0.7275 0.02 0.145
0.0 0.745 0.98 0.11 0.04
0.0 0.995 0.985 0.01 0.03
0.0 0.98 0.8725 0.04 0.085
0.0 0.32 0.8825 0.23 0.105
