0.0 0.38593750000000004 0.265625 0.0578125 0.034375
0.0 0.459375 0.26875 0.065625 0.028125
0.0 0.5609375 0.29375 0.028125 0.0609375
0.0 0.4984375 0.3109375 0.053125 0.03125
0.0 0.4359375 0.33125 0.04375 0.0265625
0.0 0.63125 0.4 0.028125 0.0671875
0.0 0.7109375 0.421875 0.0234375 0.021875
0.0 0.6578125 0.4296875 0.040625 0.0390625
0.0 0.71875 0.4421875 0.0203125 0.0140625
0.0 0.6625 0.45625 0.0453125 0.0328125
0.0 0.696875 0.4734375 0.025 0.01875
0.0 0.6234375 0.475 0.025 0.015625
0.0 0.5140625 0.4796875 0.0375 0.046875
0.0 0.646875 0.50625 0.0640625 0.0203125
0.0 0.5171875 0.5109375 0.0265625 0.028125
0.0 0.7015625 0.5203125 0.04375 0.0265625
0.0 0.6421875 0.5421875 0.03125 0.040625
0.0 0.565625 0.5453125 0.028125 0.0515625
0.0 0.7125 0.5484375 0.0203125 0.01875
0.0 0.6828125 0.553125 0.021875 0.0171875
0.0 0.7515625 0.553125 0.021875 0.046875
0.0 0.621875 0.5578125 0.025 0.0359375
0.0 0.7 0.5859375 0.034375 0.03125
0.0 0.640625 0.590625 0.0453125 0.0234375
0.0 0.5109375 0.6 0.021875 0.0328125
0.0 0.53125 0.6359375 0.01875 0.0578125
0.0 0.6453125 0.65 0.046875 0.028125
0.0 0.421875 0.6640625 0.0546875 0.071875
0.0 0.5828125 0.665625 0.0296875 0.028125
0.0 0.50625 0.6890625 0.0296875 0.0703125
0.0 0.3984375 0.1828125 0.0203125 0.0265625
0.0 0.4359375 0.7109375 0.028125 0.034375
0.0 0.5375 0.7171875 0.021875 0.0390625
0.0 0.40312499999999996 0.7328125 0.0296875 0.0578125
0.0 0.4296875 0.753125 0.040625 0.0453125
0.0 0.48124999999999996 0.7671875 0.0296875 0.0296875
0.0 0.35 0.771875 0.028125 0.0453125
0.0 0.4359375 0.7890625 0.0328125 0.078125
0.0 0.478125 0.81875 0.021875 0.0234375
0.0 0.47343749999999996 0.2015625 0.0546875 0.028125
0.0 0.365625 0.2203125 0.0203125 0.0359375
