0.0 0.5984375 0.2578125 0.0484375 0.01875
0.0 0.5 0.29375 0.0921875 0.053125
0.0 0.5859375 0.284375 0.1 0.0265625
0.0 0.5671875 0.3015625 0.053125 0.025
0.0 0.6921875 0.2765625 0.0421875 0.04375
0.0 0.6421875 0.384375 0.015625 0.0265625
0.0 0.5921875 0.371875 0.0234375 0.0109375
0.0 0.6171875 0.4 0.0109375 0.0203125
0.0 0.584375 0.4125 0.034375 0.0171875
0.0 0.5078125 0.365625 0.0703125 0.021875
0.0 0.446875 0.396875 0.028125 0.0328125
0.0 0.4703125 0.3890625 0.059375 0.0890625
0.0 0.3890625 0.44375 0.0296875 0.025
0.0 0.40312499999999996 0.4265625 0.0390625 0.059375
0.0 0.44999999999999996 0.459375 0.04375 0.0640625
0.0 0.5015625 0.5 0.0390625 0.0203125
0.0 0.5546875 0.51875 0.028125 0.01875
0.0 0.525 0.54375 0.015625 0.0203125
0.0 0.5359375 0.5046875 0.0453125 0.0390625
0.0 0.54375 0.45 0.065625 0.0328125
0.0 0.6015625 0.465625 0.0421875 0.0375
0.0 0.6046875 0.4453125 0.05625 0.0390625
0.0 0.6125 0.5203125 0.0234375 0.0171875
0.0 0.590625 0.5375 0.01875 0.04375
0.0 0.60625 0.540625 0.0375 0.0203125
0.0 0.5453125 0.5828125 0.071875 0.03125
0.0 0.5578125 0.6859375 0.0484375 0.0296875
0.0 0.6046875 0.6484375 0.01875 0.05
0.0 0.6390625 0.6421875 0.03125 0.04375
0.0 0.646875 0.6953125 0.0296875 0.021875
0.0 0.69375 0.7078125 0.03125 0.0734375
0.0 0.7234375 0.615625 0.028125 0.053125
0.0 0.775 0.5734375 0.0484375 0.0203125
0.0 0.8015625 0.5421875 0.05 0.0546875
0.0 0.815625 0.4671875 0.06875 0.0671875
0.0 0.740625 0.4859375 0.021875 0.03125
0.0 0.70625 0.5203125 0.0296875 0.03125
0.0 0.68125 0.5203125 0.040625 0.053125
0.0 0.7296875 0.4453125 0.0453125 0.0640625
0.0 0.7390625 0.5265625 0.0375 0.0515625
0.0 0.571875 0.6546875 0.0375 0.0203125
0.0 0.559375 0.64375 0.05625 0.034375
