0.0 0.12 0.0525 0.24 0.095
0.0 0.055 0.1575 0.11 0.095
0.0 0.125 0.23 0.22 0.08
0.0 0.41 0.0925 0.1 0.145
0.0 0.7225 0.3125 0.255 0.185
0.0 0.4525 0.45 0.125 0.13
0.0 0.6 0.35 0.07 0.07
0.0 0.4825 0.36 0.115 0.28
0.0 0.38 0.27 0.27 0.24
0.0 0.1325 0.4225 0.155 0.095
0.0 0.11 0.3925 0.22 0.195
0.0 0.0125 0.3875 0.025 0.135
0.0 0.035 0.55 0.07 0.07
0.0 0.305 0.6325 0.07 0.165
0.0 0.5275 0.615 0.295 0.07
0.0 0.7625 0.5525 0.175 0.225
0.0 0.3825 0.805 0.075 0.13
0.0 0.3 0.7725 0.06 0.155
0.0 0.17 0.6125 0.2 0.165
0.0 0.0175 0.7125 0.035 0.075
0.0 0.0925 0.7925 0.185 0.065
0.0 0.015 0.9325 0.03 0.135
0.0 0.0975 0.9075 0.095 0.185
0.0 0.4125 0.9225 0.065 0.065
0.0 0.5875 0.8675 0.225 0.105
