0.0 0.5984375 0.2578125 0.0484375 0.0171875
0.0 0.690625 0.2765625 0.04375 0.0421875
0.0 0.56875 0.3 0.05 0.021875
0.0 0.5015625 0.2921875 0.09375 0.05625
0.0 0.584375 0.2859375 0.0984375 0.0234375
0.0 0.5078125 0.365625 0.0703125 0.021875
0.0 0.44843750000000004 0.3984375 0.03125 0.0328125
0.0 0.4703125 0.3890625 0.0640625 0.0890625
0.0 0.3890625 0.4453125 0.0296875 0.0234375
0.0 0.40156250000000004 0.4265625 0.0421875 0.059375
0.0 0.44843750000000004 0.459375 0.04375 0.0609375
0.0 0.503125 0.5 0.0375 0.01875
0.0 0.5359375 0.50625 0.046875 0.034375
0.0 0.55625 0.51875 0.025 0.01875
0.0 0.525 0.54375 0.0140625 0.01875
0.0 0.5484375 0.58125 0.06875 0.0265625
0.0 0.5921875 0.5515625 0.0140625 0.0140625
0.0 0.6125 0.51875 0.0203125 0.0140625
0.0 0.6078125 0.5421875 0.0390625 0.025
0.0 0.603125 0.4625 0.04375 0.034375
0.0 0.54375 0.45 0.0703125 0.034375
0.0 0.6046875 0.44375 0.0546875 0.0375
0.0 0.634375 0.471875 0.021875 0.0109375
0.0 0.5859375 0.4125 0.034375 0.0171875
0.0 0.59375 0.371875 0.0171875 0.0109375
0.0 0.6171875 0.4 0.0140625 0.021875
0.0 0.6421875 0.384375 0.0171875 0.0265625
0.0 0.73125 0.4453125 0.046875 0.0625
0.0 0.70625 0.521875 0.0265625 0.0328125
0.0 0.6828125 0.5203125 0.040625 0.053125
0.0 0.7421875 0.4859375 0.015625 0.0296875
0.0 0.7375 0.5265625 0.0390625 0.053125
0.0 0.6390625 0.640625 0.0328125 0.0453125
0.0 0.725 0.615625 0.0265625 0.053125
0.0 0.603125 0.6484375 0.01875 0.053125
0.0 0.5703125 0.653125 0.0390625 0.021875
0.0 0.559375 0.6484375 0.0578125 0.040625
0.0 0.55625 0.6859375 0.0453125 0.0359375
0.0 0.6484375 0.69375 0.0296875 0.0265625
0.0 0.69375 0.7078125 0.0328125 0.071875
0.0 0.7734375 0.575 0.0484375 0.0203125
0.0 0.8015625 0.5421875 0.053125 0.0578125
0.0 0.815625 0.4703125 0.06875 0.0734375
