0.0 0.91 0.395 0.18 0.2
0.0 0.6825 0.425 0.205 0.08
0.0 0.3325 0.4225 0.135 0.165
0.0 0.9425 0.43 0.055 0.22
0.0 0.4125 0.435 0.065 0.08
0.0 0.47 0.4375 0.07 0.215
0.0 0.2325 0.4375 0.105 0.185
0.0 0.7425 0.5275 0.175 0.175
0.0 0.635 0.5825 0.13 0.085
0.0 0.385 0.6175 0.1 0.175
0.0 0.105 0.7025 0.09 0.155
0.0 0.9225 0.715 0.085 0.1
0.0 0.6175 0.715 0.115 0.07
0.0 0.7775 0.7425 0.185 0.275
0.0 0.2575 0.7875 0.065 0.145
0.0 0.6325 0.8075 0.145 0.175
0.0 0.8475 0.8275 0.055 0.075
0.0 0.0175 0.8375 0.035 0.225
0.0 0.0875 0.8625 0.075 0.145
0.0 0.305 0.915 0.14 0.09
0.0 0.3875 0.92 0.095 0.11
0.0 0.7225 0.975 0.125 0.05
0.0 0.555 1.0 0.09 0.0
0.0 0.08 0.9975 0.08 0.005
0.0 0.1825 0.9975 0.125 0.005
0.0 0.805 0.24 0.14 0.13
