0.0 0.428125 0.2375 0.028125 0.021875
0.0 0.4109375 0.303125 0.0703125 0.0421875
0.0 0.3265625 0.309375 0.01875 0.028125
0.0 0.3078125 0.2828125 0.0203125 0.0359375
0.0 0.2296875 0.2546875 0.0265625 0.01875
0.0 0.1734375 0.3203125 0.021875 0.028125
0.0 0.3078125 0.3703125 0.0265625 0.0203125
0.0 0.340625 0.3953125 0.0265625 0.01875
0.0 0.45 0.4046875 0.0171875 0.0171875
0.0 0.50625 0.41875 0.0390625 0.04375
0.0 0.4421875 0.428125 0.03125 0.0265625
0.0 0.45 0.4546875 0.01875 0.0171875
0.0 0.4203125 0.4890625 0.01875 0.0171875
0.0 0.59375 0.45625 0.028125 0.040625
0.0 0.61875 0.5015625 0.015625 0.0234375
0.0 0.5421875 0.509375 0.0390625 0.025
0.0 0.471875 0.51875 0.0203125 0.015625
0.0 0.4171875 0.51875 0.0296875 0.0234375
0.0 0.4265625 0.5453125 0.025 0.03125
0.0 0.3984375 0.5625 0.0375 0.046875
0.0 0.575 0.6 0.046875 0.0359375
0.0 0.4953125 0.6265625 0.0265625 0.0265625
0.0 0.5359375 0.6390625 0.03125 0.0359375
0.0 0.5984375 0.6640625 0.0703125 0.0234375
0.0 0.6359375 0.69375 0.040625 0.021875
0.0 0.6890625 0.746875 0.03125 0.0390625
0.0 0.65625 0.7359375 0.028125 0.034375
0.0 0.6234375 0.734375 0.0359375 0.0484375
0.0 0.5734375 0.725 0.021875 0.0578125
0.0 0.4765625 0.784375 0.0390625 0.0359375
0.0 0.4796875 0.74375 0.0515625 0.03125
0.0 0.4421875 0.7578125 0.034375 0.0765625
0.0 0.4890625 0.8125 0.01875 0.0140625
0.0 0.2921875 0.8 0.03125 0.046875
0.0 0.246875 0.634375 0.01875 0.04375
0.0 0.4828125 0.6640625 0.0328125 0.025
0.0 0.3640625 0.596875 0.0296875 0.040625
0.0 0.3125 0.5296875 0.015625 0.0203125
0.0 0.3125 0.5078125 0.021875 0.01875
0.0 0.21875 0.50625 0.046875 0.0546875
0.0 0.2484375 0.446875 0.0640625 0.05
0.0 0.2015625 0.45 0.0390625 0.0546875
0.0 0.1671875 0.703125 0.0390625 0.0421875
