0.0 0.995 0.025 0.01 0.05
0.0 0.9625 0.0925 0.075 0.125
0.0 0.93 0.225 0.14 0.22
0.0 0.9375 0.355 0.125 0.45
0.0 0.915 0.5425 0.17 0.115
0.0 0.845 0.3575 0.31 0.305
0.0 0.5275 0.045 0.365 0.09
0.0 0.595 0.195 0.21 0.19
0.0 0.8025 0.7025 0.205 0.205
0.0 0.5975 0.6175 0.075 0.115
0.0 0.5275 0.6975 0.155 0.125
0.0 0.705 0.905 0.13 0.19
0.0 0.5925 0.9025 0.115 0.195
0.0 0.95 0.995 0.1 0.01
0.0 0.27 0.98 0.1 0.04
0.0 0.065 0.9175 0.13 0.165
0.0 0.2825 0.805 0.225 0.09
0.0 0.3125 0.52 0.195 0.45
0.0 0.3 0.1525 0.1 0.145
0.0 0.1925 0.1625 0.115 0.285
0.0 0.06 0.2675 0.12 0.185
0.0 0.0 0.4075 0.0 0.105
0.0 0.0175 0.6575 0.035 0.155
