0.0 0.5078125 0.365625 0.0359375 0.0625
0.0 0.43437499999999996 0.365625 0.0203125 0.075
0.0 0.8015625 0.36875 0.01875 0.0875
0.0 0.565625 0.3875 0.0515625 0.028125
0.0 0.7109375 0.390625 0.059375 0.0203125
0.0 0.6671875 0.4015625 0.1015625 0.0359375
0.0 0.65 0.4078125 0.0390625 0.0578125
0.0 0.48906249999999996 0.4140625 0.096875 0.040625
0.0 0.7859375 0.4171875 0.025 0.0578125
0.0 0.553125 0.4265625 0.071875 0.0234375
0.0 0.721875 0.43125 0.015625 0.0203125
0.0 0.803125 0.4484375 0.06875 0.065625
0.0 0.6390625 0.4484375 0.040625 0.0234375
0.0 0.446875 0.4484375 0.0421875 0.0203125
0.0 0.534375 0.46875 0.075 0.03125
0.0 0.75625 0.478125 0.0203125 0.0578125
0.0 0.7140625 0.4859375 0.025 0.021875
0.0 0.603125 0.49375 0.0796875 0.053125
0.0 0.665625 0.496875 0.0296875 0.0296875
0.0 0.44375 0.5046875 0.0296875 0.053125
0.0 0.6953125 0.5140625 0.0265625 0.034375
0.0 0.5515625 0.525 0.05 0.028125
0.0 0.690625 0.540625 0.0328125 0.0171875
0.0 0.63125 0.5421875 0.034375 0.0734375
0.0 0.4546875 0.5421875 0.025 0.025
0.0 0.5125 0.5453125 0.10625 0.0671875
0.0 0.790625 0.5484375 0.01875 0.028125
0.0 0.59375 0.55 0.0234375 0.0203125
0.0 0.70625 0.5640625 0.0390625 0.028125
0.0 0.3609375 0.5703125 0.015625 0.0328125
0.0 0.43125 0.5796875 0.025 0.0171875
0.0 0.825 0.58125 0.0640625 0.0265625
0.0 0.5234375 0.5875 0.021875 0.059375
0.0 0.671875 0.5921875 0.0421875 0.0265625
0.0 0.415625 0.603125 0.06875 0.0390625
0.0 0.6109375 0.60625 0.01875 0.040625
0.0 0.640625 0.6078125 0.028125 0.0328125
0.0 0.590625 0.621875 0.0359375 0.0265625
0.0 0.6859375 0.634375 0.065625 0.0359375
0.0 0.540625 0.6421875 0.05625 0.021875
0.0 0.40937500000000004 0.64375 0.0421875 0.0515625
0.0 0.46406250000000004 0.6515625 0.0453125 0.021875
0.0 0.5640625 0.6734375 0.0328125 0.0296875
0.0 0.4984375 0.690625 0.0578125 0.0171875
