0.0 0.2575 0.23 0.095 0.06
0.0 0.3625 0.32 0.185 0.1
0.0 0.0075 0.37 0.015 0.12
0.0 0.1225 0.3975 0.095 0.085
0.0 0.54 0.4075 0.11 0.115
0.0 0.2525 0.4425 0.075 0.135
0.0 0.5375 0.4975 0.275 0.185
0.0 0.0425 0.5375 0.085 0.065
0.0 0.1325 0.6775 0.135 0.295
0.0 0.2075 0.7 0.215 0.12
0.0 0.7375 0.885 0.075 0.15
0.0 0.215 0.9075 0.17 0.115
0.0 0.2575 0.9925 0.085 0.015
0.0 0.82 0.9875 0.11 0.025
0.0 0.8775 0.17 0.085 0.11
0.0 0.7575 0.1725 0.055 0.075
0.0 0.9875 0.1775 0.025 0.225
0.0 0.45 0.1775 0.17 0.055
