0.0 0.5375 0.2671875 0.028125 0.0578125
0.0 0.565625 0.278125 0.0296875 0.01875
0.0 0.43437499999999996 0.296875 0.0671875 0.1125
0.0 0.5484375 0.334375 0.103125 0.04375
0.0 0.5765625 0.375 0.025 0.0375
0.0 0.50625 0.4109375 0.0375 0.0484375
0.0 0.7125 0.415625 0.040625 0.05625
0.0 0.509375 0.41875 0.0546875 0.034375
0.0 0.5828125 0.425 0.0375 0.040625
0.0 0.628125 0.434375 0.05625 0.08125
0.0 0.646875 0.44375 0.0734375 0.0328125
0.0 0.3765625 0.45 0.034375 0.0578125
0.0 0.45625000000000004 0.49375 0.05 0.0859375
0.0 0.503125 0.5046875 0.0515625 0.053125
0.0 0.37968749999999996 0.5046875 0.0421875 0.021875
0.0 0.5453125 0.5046875 0.0234375 0.04375
0.0 0.740625 0.50625 0.0453125 0.1
0.0 0.6328125 0.521875 0.0421875 0.0765625
0.0 0.31562500000000004 0.5234375 0.0453125 0.0296875
0.0 0.40625 0.53125 0.0828125 0.0203125
0.0 0.5890625 0.5359375 0.0453125 0.08125
0.0 0.38593750000000004 0.5625 0.0625 0.0328125
0.0 0.75625 0.565625 0.025 0.0609375
0.0 0.553125 0.5703125 0.03125 0.025
0.0 0.6421875 0.5734375 0.05 0.0296875
0.0 0.678125 0.575 0.0265625 0.0453125
0.0 0.7125 0.5796875 0.0421875 0.0265625
0.0 0.33125000000000004 0.5921875 0.0296875 0.0234375
0.0 0.5359375 0.6 0.065625 0.021875
0.0 0.6421875 0.609375 0.0328125 0.0234375
0.0 0.3359375 0.6328125 0.0703125 0.059375
0.0 0.5546875 0.65 0.01875 0.053125
0.0 0.73125 0.6796875 0.046875 0.0578125
0.0 0.4125 0.6828125 0.0265625 0.10625
0.0 0.2109375 0.709375 0.0734375 0.0359375
0.0 0.5375 0.7328125 0.0515625 0.03125
0.0 0.7140625 0.7390625 0.046875 0.04375
0.0 0.68125 0.7484375 0.0234375 0.028125
0.0 0.6265625 0.7609375 0.0515625 0.046875
0.0 0.7859375 0.775 0.071875 0.0515625
0.0 0.5984375 0.7796875 0.0546875 0.040625
0.0 0.5375 0.78125 0.0265625 0.03125
