0.0 0.9175 0.0975 0.165 0.105
0.0 0.8625 0.015 0.195 0.03
0.0 0.5675 0.0025 0.085 0.005
0.0 0.7625 0.175 0.095 0.12
0.0 0.825 0.32 0.29 0.15
0.0 0.6375 0.4875 0.125 0.115
0.0 0.6725 0.5125 0.275 0.165
0.0 0.6525 0.6075 0.265 0.145
0.0 0.365 0.7225 0.12 0.135
0.0 0.26 0.585 0.05 0.08
0.0 0.4425 0.3975 0.065 0.075
0.0 0.545 0.2375 0.17 0.155
0.0 0.3675 0.36 0.075 0.27
0.0 0.2425 0.3025 0.065 0.075
0.0 0.2875 0.4475 0.245 0.325
0.0 0.0575 0.3375 0.115 0.115
0.0 0.04 0.3275 0.08 0.195
0.0 0.0275 0.1875 0.055 0.235
0.0 0.06 0.11 0.12 0.13
0.0 0.1825 0.175 0.065 0.1
0.0 0.285 0.055 0.07 0.11
0.0 0.195 0.09 0.25 0.18
0.0 0.0225 0.0225 0.045 0.045
0.0 0.4925 0.045 0.085 0.09
