0.0 0.4515625 0.2546875 0.06875 0.0453125
0.0 0.5265625 0.4203125 0.0359375 0.065625
0.0 0.728125 0.3796875 0.0296875 0.021875
0.0 0.796875 0.3625 0.05625 0.075
0.0 0.7890625 0.4328125 0.0859375 0.0328125
0.0 0.80625 0.4765625 0.03125 0.0390625
0.0 0.84375 0.465625 0.0265625 0.03125
0.0 0.83125 0.496875 0.084375 0.0578125
0.0 0.8296875 0.540625 0.0328125 0.0375
0.0 0.7953125 0.5546875 0.053125 0.01875
0.0 0.884375 0.578125 0.0296875 0.06875
0.0 0.853125 0.58125 0.034375 0.084375
0.0 0.821875 0.6 0.0265625 0.0703125
0.0 0.859375 0.6578125 0.01875 0.046875
0.0 0.815625 0.7625 0.0296875 0.0625
0.0 0.790625 0.74375 0.0375 0.0515625
0.0 0.78125 0.7171875 0.059375 0.0453125
0.0 0.7875 0.6765625 0.021875 0.025
0.0 0.74375 0.69375 0.0375 0.0203125
0.0 0.7609375 0.79375 0.0171875 0.0421875
0.0 0.690625 0.7015625 0.0203125 0.0203125
0.0 0.6765625 0.6734375 0.0921875 0.0390625
0.0 0.7328125 0.6125 0.0234375 0.0171875
0.0 0.69375 0.5796875 0.040625 0.0515625
0.0 0.6890625 0.509375 0.0421875 0.0703125
0.0 0.68125 0.4796875 0.1046875 0.0671875
0.0 0.7453125 0.503125 0.0265625 0.071875
0.0 0.56875 0.6109375 0.0625 0.034375
0.0 0.5515625 0.640625 0.0640625 0.0453125
0.0 0.503125 0.5015625 0.0203125 0.05625
0.0 0.5875 0.8109375 0.01875 0.03125
0.0 0.209375 0.54375 0.0515625 0.059375
0.0 0.0609375 0.459375 0.021875 0.0734375
