0.0 0.3359375 0.203125 0.0296875 0.04375
0.0 0.34375 0.2609375 0.0171875 0.046875
0.0 0.25 0.31875 0.0359375 0.0390625
0.0 0.41874999999999996 0.271875 0.0234375 0.053125
0.0 0.4625 0.23125 0.05625 0.0234375
0.0 0.44375 0.30625 0.03125 0.0421875
0.0 0.46875 0.3046875 0.0359375 0.0375
0.0 0.5 0.321875 0.0296875 0.028125
0.0 0.5984375 0.3046875 0.025 0.025
0.0 0.3984375 0.3671875 0.0171875 0.034375
0.0 0.359375 0.4109375 0.040625 0.034375
0.0 0.38749999999999996 0.4015625 0.0421875 0.059375
0.0 0.37031250000000004 0.446875 0.0546875 0.0296875
0.0 0.265625 0.4828125 0.046875 0.0609375
0.0 0.34375 0.503125 0.0296875 0.06875
0.0 0.296875 0.5390625 0.01875 0.0296875
0.0 0.27031249999999996 0.5671875 0.04375 0.090625
0.0 0.37187499999999996 0.5796875 0.0359375 0.046875
0.0 0.4078125 0.59375 0.01875 0.0328125
0.0 0.37187499999999996 0.6171875 0.025 0.025
0.0 0.4078125 0.6296875 0.0171875 0.021875
0.0 0.3609375 0.6515625 0.05625 0.01875
0.0 0.3515625 0.65625 0.021875 0.05625
0.0 0.48906249999999996 0.603125 0.040625 0.075
0.0 0.56875 0.503125 0.021875 0.065625
0.0 0.42500000000000004 0.471875 0.0421875 0.021875
0.0 0.4515625 0.4078125 0.0265625 0.01875
0.0 0.53125 0.4140625 0.059375 0.0234375
0.0 0.5046875 0.4390625 0.084375 0.03125
0.0 0.6203125 0.521875 0.0234375 0.0578125
0.0 0.5859375 0.5296875 0.0421875 0.0859375
0.0 0.6203125 0.5875 0.0484375 0.0375
0.0 0.5734375 0.6046875 0.0140625 0.0265625
0.0 0.5421875 0.659375 0.0296875 0.05
0.0 0.640625 0.6859375 0.01875 0.0265625
0.0 0.55 0.7 0.0546875 0.025
0.0 0.48750000000000004 0.7 0.05 0.0453125
0.0 0.5703125 0.790625 0.0390625 0.0578125
0.0 0.4078125 0.7359375 0.01875 0.0234375
0.0 0.41093749999999996 0.7828125 0.0515625 0.0890625
0.0 0.2578125 0.790625 0.0359375 0.0234375
