0.0 0.61875 0.2953125 0.021875 0.025
0.0 0.559375 0.3171875 0.0296875 0.021875
0.0 0.6546875 0.3390625 0.053125 0.025
0.0 0.671875 0.409375 0.0359375 0.034375
0.0 0.740625 0.428125 0.034375 0.034375
0.0 0.75625 0.4640625 0.021875 0.034375
0.0 0.7375 0.534375 0.04375 0.040625
0.0 0.7609375 0.609375 0.03125 0.0359375
0.0 0.70625 0.559375 0.0203125 0.0390625
0.0 0.690625 0.509375 0.0171875 0.0265625
0.0 0.65625 0.5609375 0.0390625 0.0421875
0.0 0.6546875 0.61875 0.0203125 0.01875
0.0 0.6203125 0.6390625 0.0234375 0.021875
0.0 0.7046875 0.696875 0.028125 0.025
0.0 0.665625 0.6921875 0.0265625 0.028125
0.0 0.6234375 0.725 0.0328125 0.0453125
0.0 0.5859375 0.6546875 0.04375 0.0421875
0.0 0.596875 0.6078125 0.071875 0.0265625
0.0 0.6015625 0.51875 0.0546875 0.025
0.0 0.6125 0.5296875 0.0421875 0.0703125
0.0 0.5484375 0.5328125 0.0421875 0.0234375
0.0 0.6546875 0.4578125 0.04375 0.0265625
0.0 0.584375 0.475 0.025 0.0328125
0.0 0.615625 0.43125 0.01875 0.01875
0.0 0.5546875 0.4484375 0.021875 0.040625
0.0 0.4875 0.44375 0.0234375 0.0375
0.0 0.478125 0.378125 0.015625 0.025
0.0 0.48125 0.3296875 0.0203125 0.021875
0.0 0.4671875 0.296875 0.01875 0.021875
0.0 0.396875 0.3828125 0.03125 0.0171875
0.0 0.440625 0.415625 0.0203125 0.034375
0.0 0.3484375 0.4125 0.0515625 0.0390625
0.0 0.3421875 0.4890625 0.0265625 0.0484375
0.0 0.3828125 0.5203125 0.0203125 0.0578125
0.0 0.453125 0.553125 0.0203125 0.0328125
0.0 0.5421875 0.603125 0.0296875 0.0421875
0.0 0.5171875 0.61875 0.0296875 0.06875
0.0 0.5046875 0.675 0.0234375 0.0515625
0.0 0.546875 0.70625 0.021875 0.021875
0.0 0.5734375 0.7515625 0.025 0.0203125
0.0 0.465625 0.7046875 0.04375 0.021875
0.0 0.4734375 0.63125 0.03125 0.0265625
0.0 0.4171875 0.628125 0.0328125 0.0703125
0.0 0.378125 0.6140625 0.0359375 0.0375
0.0 0.3296875 0.6359375 0.021875 0.0421875
0.0 0.321875 0.5921875 0.0359375 0.05
