0.0 0.385 0.1825 0.1 0.205
0.0 0.16 0.2575 0.15 0.195
0.0 0.06 0.27 0.12 0.18
0.0 0.5875 0.3275 0.125 0.235
0.0 0.3975 0.3725 0.235 0.385
0.0 0.2375 0.4675 0.115 0.135
0.0 0.7375 0.5475 0.125 0.265
0.0 0.4675 0.5975 0.255 0.185
0.0 0.24 0.6175 0.2 0.165
0.0 0.9275 0.7325 0.075 0.125
0.0 0.545 0.8225 0.16 0.225
0.0 0.0225 0.8525 0.045 0.245
0.0 0.06 0.9 0.12 0.2
0.0 0.4025 0.93 0.085 0.14
0.0 0.31 0.915 0.18 0.17
0.0 0.8575 0.9425 0.175 0.115
0.0 0.2225 0.9875 0.125 0.025
0.0 0.0225 0.9975 0.045 0.005
0.0 0.065 0.095 0.13 0.13
