0.0 0.42656249999999996 0.25625 0.053125 0.028125
0.0 0.44218749999999996 0.2796875 0.0546875 0.034375
0.0 0.428125 0.284375 0.0578125 0.09375
0.0 0.509375 0.296875 0.0421875 0.0453125
0.0 0.553125 0.303125 0.025 0.021875
0.0 0.559375 0.33125 0.025 0.0359375
0.0 0.5875 0.3328125 0.0203125 0.05
0.0 0.4203125 0.3375 0.0359375 0.01875
0.0 0.4546875 0.3578125 0.0765625 0.08125
0.0 0.33125000000000004 0.3578125 0.0375 0.025
0.0 0.39375000000000004 0.3609375 0.028125 0.0390625
0.0 0.4765625 0.371875 0.028125 0.028125
0.0 0.37187499999999996 0.378125 0.0375 0.0578125
0.0 0.54375 0.378125 0.040625 0.084375
0.0 0.640625 0.3828125 0.04375 0.075
0.0 0.5765625 0.3875 0.0203125 0.021875
0.0 0.3203125 0.390625 0.046875 0.0921875
0.0 0.47968750000000004 0.4 0.0484375 0.040625
0.0 0.6 0.403125 0.0265625 0.0203125
0.0 0.44843750000000004 0.4265625 0.0265625 0.0296875
0.0 0.5765625 0.43125 0.0234375 0.028125
0.0 0.675 0.4390625 0.028125 0.05625
0.0 0.34843749999999996 0.44375 0.046875 0.028125
0.0 0.596875 0.4453125 0.0328125 0.046875
0.0 0.49687499999999996 0.446875 0.0640625 0.04375
0.0 0.44999999999999996 0.475 0.053125 0.0375
0.0 0.5109375 0.478125 0.028125 0.0390625
0.0 0.634375 0.490625 0.05 0.0609375
0.0 0.671875 0.5015625 0.028125 0.0359375
0.0 0.3203125 0.5046875 0.0296875 0.05
0.0 0.453125 0.5109375 0.03125 0.0296875
0.0 0.375 0.51875 0.025 0.05625
0.0 0.34687500000000004 0.5328125 0.0203125 0.0328125
0.0 0.44062500000000004 0.5359375 0.065625 0.04375
0.0 0.571875 0.54375 0.0203125 0.0234375
0.0 0.415625 0.5609375 0.065625 0.040625
0.0 0.44062500000000004 0.565625 0.021875 0.0390625
0.0 0.33125000000000004 0.5671875 0.03125 0.0421875
0.0 0.540625 0.5796875 0.0234375 0.028125
0.0 0.47343749999999996 0.6078125 0.0703125 0.03125
0.0 0.5421875 0.628125 0.0515625 0.034375
0.0 0.43437499999999996 0.634375 0.0359375 0.034375
0.0 0.4984375 0.65 0.075 0.03125
0.0 0.5265625 0.66875 0.0671875 0.05
0.0 0.596875 0.2078125 0.0578125 0.034375
0.0 0.48124999999999996 0.2390625 0.03125 0.0515625
