0.0 0.459375 0.353125 0.0390625 0.0234375
0.0 0.3515625 0.4 0.0703125 0.028125
0.0 0.21875 0.33125 0.034375 0.021875
0.0 0.1875 0.325 0.0359375 0.03125
0.0 0.1375 0.3828125 0.0234375 0.0234375
0.0 0.171875 0.43125 0.0171875 0.021875
0.0 0.1234375 0.415625 0.0375 0.0296875
0.0 0.1140625 0.4421875 0.028125 0.0328125
0.0 0.0625 0.3984375 0.0234375 0.028125
0.0 0.0359375 0.4078125 0.0234375 0.0421875
0.0 0.0421875 0.45625 0.0140625 0.0203125
0.0 0.071875 0.4640625 0.0203125 0.028125
0.0 0.1203125 0.5046875 0.0203125 0.0265625
0.0 0.0875 0.5046875 0.0203125 0.0421875
0.0 0.05625 0.5265625 0.0203125 0.015625
0.0 0.053125 0.5546875 0.025 0.0296875
0.0 0.1015625 0.54375 0.0171875 0.0296875
0.0 0.078125 0.578125 0.0375 0.025
0.0 0.128125 0.5609375 0.025 0.0390625
0.0 0.1703125 0.51875 0.01875 0.0203125
0.0 0.1875 0.4984375 0.0234375 0.0140625
0.0 0.2296875 0.5171875 0.015625 0.021875
0.0 0.25 0.484375 0.0375 0.040625
0.0 0.284375 0.4921875 0.0484375 0.03125
0.0 0.3171875 0.5125 0.028125 0.03125
0.0 0.3046875 0.5375 0.0359375 0.0171875
0.0 0.246875 0.5515625 0.06875 0.0203125
0.0 0.2578125 0.6046875 0.0296875 0.0265625
0.0 0.23125 0.5875 0.0359375 0.0359375
0.0 0.34375 0.5796875 0.0359375 0.040625
0.0 0.3265625 0.596875 0.0359375 0.040625
0.0 0.2734375 0.65625 0.0484375 0.06875
0.0 0.3234375 0.65 0.04375 0.0390625
0.0 0.3203125 0.6734375 0.0609375 0.0515625
0.0 0.43125 0.696875 0.0265625 0.0296875
0.0 0.48125 0.6734375 0.0453125 0.04375
0.0 0.50625 0.659375 0.040625 0.03125
0.0 0.4796875 0.6296875 0.03125 0.0390625
0.0 0.5203125 0.6234375 0.01875 0.0234375
0.0 0.565625 0.621875 0.034375 0.0359375
0.0 0.540625 0.58125 0.05625 0.021875
0.0 0.5984375 0.53125 0.03125 0.0515625
0.0 0.5375 0.503125 0.025 0.0515625
0.0 0.4765625 0.5375 0.0390625 0.04375
0.0 0.4984375 0.5671875 0.0546875 0.0359375
0.0 0.4046875 0.5421875 0.0390625 0.053125
