0.0 0.571875 0.259375 0.0625 0.096875
0.0 0.23593750000000002 0.265625 0.0484375 0.0390625
0.0 0.28437500000000004 0.296875 0.0640625 0.053125
0.0 0.39531249999999996 0.2984375 0.0734375 0.0390625
0.0 0.48906249999999996 0.303125 0.0328125 0.025
0.0 0.803125 0.3125 0.028125 0.0265625
0.0 0.75 0.33125 0.0484375 0.046875
0.0 0.30156249999999996 0.3390625 0.0296875 0.06875
0.0 0.78125 0.3546875 0.028125 0.0421875
0.0 0.34843749999999996 0.3546875 0.0359375 0.08125
0.0 0.19687500000000002 0.3578125 0.06875 0.05625
0.0 0.6015625 0.4125 0.025 0.040625
0.0 0.55625 0.4234375 0.046875 0.028125
0.0 0.8203125 0.44375 0.084375 0.0875
0.0 0.7484375 0.4609375 0.0640625 0.06875
0.0 0.90625 0.4625 0.0421875 0.09375
0.0 0.33125000000000004 0.484375 0.0421875 0.04375
0.0 0.6921875 0.4875 0.0609375 0.0546875
0.0 0.203125 0.4890625 0.134375 0.0390625
0.0 0.45625000000000004 0.4953125 0.0484375 0.0265625
0.0 0.5875 0.4984375 0.0515625 0.04375
0.0 0.36250000000000004 0.521875 0.0265625 0.0234375
0.0 0.453125 0.55 0.1328125 0.0296875
0.0 0.6359375 0.559375 0.071875 0.0421875
0.0 0.43437499999999996 0.603125 0.090625 0.0296875
0.0 0.2421875 0.6046875 0.0625 0.1171875
0.0 0.3125 0.6265625 0.0328125 0.1
0.0 0.6703125 0.6328125 0.0921875 0.0328125
0.0 0.46875 0.6796875 0.1 0.1046875
0.0 0.2953125 0.7046875 0.0734375 0.046875
0.0 0.5171875 0.184375 0.059375 0.0265625
0.0 0.6296875 0.71875 0.0828125 0.028125
0.0 0.3609375 0.7296875 0.0578125 0.0609375
0.0 0.45781249999999996 0.7671875 0.0671875 0.046875
0.0 0.7515625 0.7859375 0.0484375 0.0546875
0.0 0.353125 0.196875 0.025 0.0375
0.0 0.825 0.221875 0.0296875 0.034375
0.0 0.646875 0.234375 0.0359375 0.0484375
0.0 0.44218749999999996 0.2453125 0.06875 0.0296875
0.0 0.859375 0.253125 0.028125 0.0796875
