0.0 0.415625 0.271875 0.0359375 0.0546875
0.0 0.50625 0.275 0.0609375 0.0328125
0.0 0.55 0.2828125 0.03125 0.0234375
0.0 0.7015625 0.2984375 0.0640625 0.065625
0.0 0.346875 0.3 0.025 0.0625
0.0 0.615625 0.3046875 0.0421875 0.0390625
0.0 0.565625 0.3109375 0.0203125 0.0265625
0.0 0.5015625 0.3140625 0.04375 0.0375
0.0 0.4296875 0.3203125 0.0265625 0.03125
0.0 0.384375 0.325 0.053125 0.0484375
0.0 0.4625 0.334375 0.0234375 0.0296875
0.0 0.4875 0.340625 0.01875 0.025
0.0 0.525 0.3515625 0.03125 0.0265625
0.0 0.409375 0.365625 0.0609375 0.0390625
0.0 0.6078125 0.375 0.015625 0.021875
0.0 0.45625 0.3765625 0.0171875 0.028125
0.0 0.296875 0.3828125 0.028125 0.01875
0.0 0.5890625 0.3875 0.015625 0.0203125
0.0 0.6890625 0.396875 0.0359375 0.0265625
0.0 0.5453125 0.40625 0.025 0.0234375
0.0 0.5109375 0.4125 0.028125 0.0484375
0.0 0.4734375 0.4171875 0.021875 0.0359375
0.0 0.4390625 0.421875 0.0203125 0.05
0.0 0.5765625 0.4296875 0.0640625 0.0203125
0.0 0.3859375 0.4515625 0.0171875 0.040625
0.0 0.621875 0.475 0.021875 0.021875
0.0 0.459375 0.4828125 0.0203125 0.0390625
0.0 0.49375 0.4984375 0.0328125 0.0484375
0.0 0.6625 0.5015625 0.0375 0.0203125
0.0 0.3296875 0.5046875 0.034375 0.0625
0.0 0.7546875 0.5078125 0.0171875 0.0296875
0.0 0.5296875 0.5078125 0.0171875 0.0515625
0.0 0.4125 0.525 0.015625 0.021875
0.0 0.3859375 0.5375 0.0515625 0.0875
0.0 0.271875 0.5421875 0.0421875 0.040625
0.0 0.69375 0.546875 0.0578125 0.0625
0.0 0.4484375 0.5578125 0.0421875 0.0421875
0.0 0.334375 0.571875 0.059375 0.04375
0.0 0.26875 0.5984375 0.0171875 0.05
0.0 0.2984375 0.6265625 0.021875 0.05625
0.0 0.33125 0.6296875 0.0328125 0.028125
0.0 0.3375 0.66875 0.046875 0.025
0.0 0.2421875 0.6796875 0.0921875 0.0234375
0.0 0.5234375 0.690625 0.021875 0.0453125
0.0 0.3171875 0.7046875 0.0453125 0.034375
