0.0 0.56 0.0 0.3 0.0
0.0 0.14 0.01 0.09 0.02
0.0 0.5725 0.0225 0.085 0.045
0.0 0.0225 0.0425 0.045 0.085
0.0 0.665 0.0625 0.06 0.125
0.0 0.4825 0.055 0.075 0.11
0.0 0.5525 0.0875 0.105 0.075
0.0 0.2925 0.1125 0.215 0.055
0.0 0.4875 0.1925 0.105 0.115
0.0 0.1225 0.255 0.135 0.29
0.0 0.08 0.2725 0.16 0.115
0.0 0.595 0.4075 0.09 0.175
0.0 0.0625 0.48 0.125 0.11
0.0 0.5625 0.5325 0.175 0.065
0.0 0.0225 0.5925 0.045 0.075
0.0 0.5125 0.665 0.065 0.14
0.0 0.02 0.6925 0.04 0.115
0.0 0.0875 0.7 0.175 0.1
0.0 0.2575 0.715 0.135 0.06
0.0 0.12 0.7175 0.17 0.125
0.0 0.1625 0.7875 0.075 0.075
0.0 0.3225 0.9425 0.065 0.075
0.0 0.02 0.965 0.04 0.07
0.0 0.1525 0.95 0.165 0.1
0.0 0.0 0.9675 0.0 0.065
0.0 0.155 0.9875 0.16 0.025
