0.0 0.83 0.01 0.24 0.02
0.0 0.5825 0.0275 0.135 0.055
0.0 0.2725 0.0225 0.085 0.045
0.0 0.105 0.0375 0.17 0.075
0.0 0.5225 0.0625 0.075 0.125
0.0 0.01 0.0775 0.02 0.085
0.0 0.105 0.1275 0.11 0.125
0.0 0.435 0.1575 0.13 0.165
0.0 0.7625 0.17 0.225 0.16
0.0 0.22 0.18 0.09 0.11
0.0 0.6425 0.2025 0.175 0.105
0.0 0.175 0.225 0.05 0.07
0.0 0.105 0.235 0.05 0.06
0.0 0.9725 0.25 0.055 0.15
0.0 0.4475 0.2825 0.065 0.145
0.0 0.6225 0.3325 0.065 0.075
0.0 0.0975 0.3575 0.095 0.075
0.0 0.435 0.3925 0.14 0.065
0.0 0.9125 0.4175 0.175 0.165
0.0 0.4925 0.445 0.065 0.14
0.0 0.155 0.4775 0.12 0.075
0.0 0.27 0.515 0.1 0.2
0.0 0.3675 0.515 0.065 0.1
0.0 0.5925 0.5575 0.055 0.065
0.0 0.7025 0.6125 0.135 0.105
0.0 0.8525 0.6225 0.095 0.175
0.0 0.48 0.6475 0.06 0.095
0.0 0.0625 0.6475 0.065 0.075
0.0 0.005 0.7525 0.01 0.155
0.0 0.4225 0.785 0.115 0.12
0.0 0.05 0.8725 0.1 0.175
0.0 0.1525 0.88 0.085 0.05
