0.0 0.7625 0.3609375 0.046875 0.071875
0.0 0.8078125 0.371875 0.028125 0.0453125
0.0 0.6984375 0.3671875 0.028125 0.0328125
0.0 0.66875 0.3921875 0.021875 0.015625
0.0 0.64375 0.371875 0.0140625 0.034375
0.0 0.7171875 0.4140625 0.025 0.028125
0.0 0.6234375 0.4046875 0.034375 0.059375
0.0 0.5703125 0.371875 0.025 0.03125
0.0 0.575 0.3375 0.01875 0.0234375
0.0 0.54375 0.3203125 0.05625 0.028125
0.0 0.534375 0.328125 0.03125 0.06875
0.0 0.49375 0.3875 0.0140625 0.021875
0.0 0.47343749999999996 0.415625 0.04375 0.03125
0.0 0.45781249999999996 0.4140625 0.0328125 0.1078125
0.0 0.421875 0.44375 0.01875 0.053125
0.0 0.4140625 0.38125 0.0421875 0.0265625
0.0 0.4 0.3640625 0.0734375 0.040625
0.0 0.321875 0.375 0.0484375 0.05625
0.0 0.359375 0.4484375 0.0234375 0.065625
0.0 0.38749999999999996 0.4625 0.0296875 0.05
0.0 0.50625 0.4859375 0.0453125 0.028125
0.0 0.43125 0.5625 0.05 0.034375
0.0 0.4984375 0.53125 0.071875 0.025
0.0 0.49687499999999996 0.60625 0.0171875 0.0625
0.0 0.503125 0.6015625 0.09375 0.0515625
0.0 0.5890625 0.615625 0.0328125 0.0203125
0.0 0.5875 0.5890625 0.015625 0.021875
0.0 0.5453125 0.5296875 0.028125 0.075
0.0 0.5703125 0.5171875 0.0546875 0.0140625
0.0 0.5984375 0.5015625 0.040625 0.0515625
0.0 0.590625 0.5625 0.0625 0.0703125
0.0 0.6328125 0.490625 0.0140625 0.0265625
0.0 0.640625 0.603125 0.0171875 0.0578125
0.0 0.6703125 0.646875 0.0265625 0.059375
0.0 0.678125 0.6265625 0.071875 0.0515625
0.0 0.6703125 0.534375 0.0421875 0.0765625
0.0 0.690625 0.509375 0.0203125 0.01875
0.0 0.73125 0.53125 0.034375 0.040625
0.0 0.6953125 0.4578125 0.0203125 0.0234375
0.0 0.7296875 0.4890625 0.0359375 0.021875
0.0 0.75625 0.459375 0.0875 0.0375
0.0 0.765625 0.4640625 0.059375 0.084375
0.0 0.7828125 0.540625 0.0453125 0.015625
0.0 0.821875 0.5296875 0.0515625 0.05
0.0 0.8140625 0.578125 0.0484375 0.03125
0.0 0.7921875 0.6390625 0.03125 0.0265625
0.0 0.7 0.7515625 0.0140625 0.0203125
