0.0 0.0325 0.01 0.065 0.02
0.0 0.1225 0.1325 0.235 0.095
0.0 0.365 0.165 0.09 0.1
0.0 0.1875 0.26 0.125 0.14
0.0 0.015 0.2425 0.03 0.145
0.0 0.0825 0.3225 0.095 0.075
0.0 0.04 0.495 0.08 0.18
0.0 0.0375 0.6475 0.075 0.115
0.0 0.1275 0.6 0.085 0.06
0.0 0.2975 0.69 0.075 0.09
0.0 0.2825 0.99 0.165 0.02
0.0 0.3425 0.9025 0.165 0.085
0.0 0.495 0.5575 0.1 0.155
0.0 0.52 0.4325 0.1 0.095
0.0 0.63 0.5825 0.11 0.155
0.0 0.6225 0.7225 0.275 0.195
0.0 0.635 0.96 0.09 0.08
0.0 0.5275 0.9975 0.165 0.005
0.0 0.7225 0.9025 0.225 0.165
0.0 0.715 0.995 0.12 0.01
0.0 0.515 0.17 0.09 0.1
0.0 0.5425 0.07 0.155 0.08
