0.0 0.4984375 0.259375 0.0328125 0.040625
0.0 0.521875 0.2625 0.0609375 0.10625
0.0 0.8546875 0.271875 0.08125 0.0328125
0.0 0.7640625 0.296875 0.090625 0.0953125
0.0 0.1359375 0.296875 0.04375 0.071875
0.0 0.246875 0.2984375 0.0359375 0.0671875
0.0 0.3453125 0.3203125 0.0546875 0.0640625
0.0 0.440625 0.321875 0.025 0.04375
0.0 0.5546875 0.3359375 0.05 0.0484375
0.0 0.40625 0.340625 0.0484375 0.0375
0.0 0.7578125 0.35 0.0625 0.04375
0.0 0.7171875 0.3734375 0.059375 0.115625
0.0 0.6140625 0.3875 0.08125 0.028125
0.0 0.546875 0.396875 0.0484375 0.05
0.0 0.9 0.4203125 0.08125 0.0796875
0.0 0.1796875 0.428125 0.03125 0.0671875
0.0 0.50625 0.4359375 0.0453125 0.028125
0.0 0.3859375 0.4421875 0.0546875 0.078125
0.0 0.3484375 0.4609375 0.0453125 0.0984375
0.0 0.7234375 0.48125 0.06875 0.0390625
0.0 0.884375 0.4921875 0.0421875 0.0453125
0.0 0.2390625 0.509375 0.06875 0.0484375
0.0 0.4234375 0.5234375 0.0296875 0.0296875
0.0 0.6703125 0.53125 0.1203125 0.0734375
0.0 0.653125 0.5546875 0.0328125 0.0453125
0.0 0.8125 0.58125 0.0796875 0.0375
0.0 0.4859375 0.596875 0.0734375 0.05
0.0 0.3203125 0.6453125 0.0265625 0.040625
0.0 0.2453125 0.6484375 0.0328125 0.0296875
0.0 0.51875 0.6546875 0.0328125 0.040625
0.0 0.4546875 0.6546875 0.0484375 0.0421875
0.0 0.8203125 0.65625 0.0375 0.046875
0.0 0.5609375 0.6734375 0.0609375 0.0828125
0.0 0.4125 0.6734375 0.0734375 0.0671875
0.0 0.765625 0.6875 0.0390625 0.065625
0.0 0.6765625 0.7 0.03125 0.040625
0.0 0.2203125 0.7109375 0.0953125 0.0265625
0.0 0.31875 0.7265625 0.0328125 0.0765625
0.0 0.61875 0.7328125 0.040625 0.05625
0.0 0.759375 0.7359375 0.078125 0.0328125
0.0 0.16875 0.740625 0.0625 0.059375
0.0 0.2203125 0.2296875 0.034375 0.075
0.0 0.409375 0.2375 0.071875 0.0765625
