0.0 0.5640625 0.2671875 0.075 0.0265625
0.0 0.53125 0.290625 0.0546875 0.0421875
0.0 0.4671875 0.328125 0.0296875 0.034375
0.0 0.43281250000000004 0.2796875 0.034375 0.096875
0.0 0.5046875 0.3171875 0.028125 0.0390625
0.0 0.5328125 0.340625 0.0609375 0.0375
0.0 0.5046875 0.371875 0.046875 0.0328125
0.0 0.42500000000000004 0.40625 0.0171875 0.03125
0.0 0.4234375 0.3578125 0.084375 0.10625
0.0 0.31562500000000004 0.3125 0.0828125 0.0390625
0.0 0.32499999999999996 0.371875 0.0609375 0.1109375
0.0 0.3734375 0.415625 0.0703125 0.0296875
0.0 0.36250000000000004 0.4625 0.025 0.021875
0.0 0.2734375 0.4890625 0.0453125 0.103125
0.0 0.2875 0.5453125 0.0703125 0.071875
0.0 0.34062499999999996 0.5703125 0.0328125 0.0296875
0.0 0.359375 0.509375 0.01875 0.0265625
0.0 0.38125 0.5015625 0.025 0.0375
0.0 0.4234375 0.459375 0.04375 0.0515625
0.0 0.4828125 0.50625 0.05 0.021875
0.0 0.478125 0.5796875 0.0671875 0.025
0.0 0.41093749999999996 0.59375 0.0625 0.0359375
0.0 0.41874999999999996 0.59375 0.0625 0.0765625
0.0 0.375 0.671875 0.0828125 0.015625
0.0 0.44999999999999996 0.684375 0.0140625 0.025
0.0 0.521875 0.734375 0.0546875 0.034375
0.0 0.5046875 0.6421875 0.0171875 0.0328125
0.0 0.5703125 0.6515625 0.015625 0.0359375
0.0 0.54375 0.61875 0.028125 0.01875
0.0 0.56875 0.565625 0.021875 0.0453125
0.0 0.5765625 0.5203125 0.0265625 0.021875
0.0 0.65625 0.5140625 0.040625 0.0359375
0.0 0.621875 0.5375 0.0390625 0.0578125
0.0 0.7296875 0.5328125 0.0328125 0.0703125
0.0 0.675 0.6359375 0.04375 0.053125
0.0 0.640625 0.678125 0.0203125 0.0609375
0.0 0.60625 0.4390625 0.078125 0.028125
0.0 0.665625 0.434375 0.0328125 0.0453125
0.0 0.7 0.44375 0.015625 0.025
0.0 0.740625 0.4296875 0.059375 0.071875
0.0 0.6890625 0.3796875 0.0625 0.0546875
0.0 0.6546875 0.3515625 0.0375 0.0296875
0.0 0.6125 0.31875 0.059375 0.0375
0.0 0.640625 0.284375 0.0265625 0.046875
0.0 0.559375 0.40625 0.0890625 0.03125
0.0 0.540625 0.4640625 0.059375 0.028125
