0.0 0.785 0.15 0.07 0.08
0.0 0.5725 0.04 0.065 0.06
0.0 0.6725 0.3175 0.055 0.075
0.0 0.7825 0.525 0.085 0.1
0.0 0.7275 0.445 0.075 0.07
0.0 0.63 0.5525 0.08 0.045
0.0 0.6 0.4 0.09 0.09
0.0 0.4325 0.6325 0.225 0.155
0.0 0.4775 0.3425 0.065 0.055
0.0 0.3975 0.3075 0.165 0.065
0.0 0.3875 0.1275 0.095 0.155
0.0 0.29 0.185 0.1 0.2
0.0 0.2125 0.1475 0.085 0.255
0.0 0.1275 0.0825 0.135 0.115
0.0 0.09 0.2575 0.1 0.065
0.0 0.025 0.4175 0.05 0.225
0.0 0.0175 0.0925 0.035 0.185
0.0 0.3175 0.895 0.105 0.17
0.0 0.2525 0.995 0.135 0.01
0.0 0.0425 0.935 0.085 0.1
0.0 0.0925 0.95 0.125 0.1
