0.0 0.6125 0.2578125 0.1140625 0.1359375
0.0 0.478125 0.2671875 0.06875 0.059375
0.0 0.23750000000000004 0.2828125 0.1109375 0.10625
0.0 0.321875 0.33125 0.034375 0.0234375
0.0 0.44218749999999996 0.3328125 0.0484375 0.04375
0.0 0.3828125 0.3515625 0.0484375 0.13125
0.0 0.35624999999999996 0.371875 0.0234375 0.096875
0.0 0.6796875 0.3796875 0.0265625 0.040625
0.0 0.321875 0.39375 0.021875 0.0453125
0.0 0.2109375 0.3984375 0.08125 0.0703125
0.0 0.28125 0.3984375 0.025 0.0578125
0.0 0.6328125 0.4203125 0.0671875 0.0421875
0.0 0.2265625 0.4484375 0.0796875 0.159375
0.0 0.3125 0.453125 0.0421875 0.0296875
0.0 0.23281249999999998 0.465625 0.0328125 0.0421875
0.0 0.5703125 0.4703125 0.065625 0.08125
0.0 0.60625 0.471875 0.025 0.03125
0.0 0.4453125 0.471875 0.0390625 0.0984375
0.0 0.71875 0.4796875 0.084375 0.1140625
0.0 0.2890625 0.4890625 0.0328125 0.065625
0.0 0.3359375 0.4984375 0.0375 0.0421875
0.0 0.13749999999999996 0.503125 0.06875 0.1171875
0.0 0.65 0.5203125 0.0390625 0.046875
0.0 0.22968750000000004 0.5265625 0.0375 0.0640625
0.0 0.3984375 0.53125 0.090625 0.0359375
0.0 0.5125 0.5453125 0.040625 0.0609375
0.0 0.56875 0.5703125 0.0390625 0.0640625
0.0 0.36406249999999996 0.5875 0.0515625 0.09375
0.0 0.60625 0.5921875 0.05625 0.1203125
0.0 0.4234375 0.628125 0.1046875 0.096875
0.0 0.19374999999999998 0.6296875 0.075 0.075
0.0 0.78125 0.6328125 0.1 0.084375
0.0 0.30937499999999996 0.6359375 0.0453125 0.0421875
0.0 0.4359375 0.640625 0.040625 0.096875
0.0 0.7234375 0.6453125 0.0875 0.0640625
0.0 0.546875 0.6515625 0.05625 0.0859375
0.0 0.19999999999999996 0.6625 0.04375 0.0671875
0.0 0.24843749999999998 0.6640625 0.0328125 0.06875
0.0 0.590625 0.7203125 0.040625 0.078125
0.0 0.3109375 0.75625 0.04375 0.06875
0.0 0.40312499999999996 0.7671875 0.0734375 0.0640625
0.0 0.4203125 0.2140625 0.0234375 0.046875
0.0 0.37187499999999996 0.21875 0.05 0.0453125
0.0 0.584375 0.25 0.0484375 0.0265625
0.0 0.30625 0.253125 0.0453125 0.128125
