0.0 0.6140625 0.265625 0.0578125 0.034375
0.0 0.540625 0.26875 0.065625 0.028125
0.0 0.4390625 0.29375 0.028125 0.0609375
0.0 0.5015625 0.3109375 0.053125 0.03125
0.0 0.5640625 0.33125 0.04375 0.0265625
0.0 0.36875 0.4 0.028125 0.0671875
0.0 0.2890625 0.421875 0.0234375 0.021875
0.0 0.3421875 0.4296875 0.040625 0.0390625
0.0 0.28125 0.4421875 0.0203125 0.0140625
0.0 0.3375 0.45625 0.0453125 0.0328125
0.0 0.303125 0.4734375 0.025 0.01875
0.0 0.3765625 0.475 0.025 0.015625
0.0 0.4859375 0.4796875 0.0375 0.046875
0.0 0.353125 0.50625 0.0640625 0.0203125
0.0 0.4828125 0.5109375 0.0265625 0.028125
0.0 0.2984375 0.5203125 0.04375 0.0265625
0.0 0.3578125 0.5421875 0.03125 0.040625
0.0 0.434375 0.5453125 0.028125 0.0515625
0.0 0.2875 0.5484375 0.0203125 0.01875
0.0 0.3171875 0.553125 0.021875 0.0171875
0.0 0.2484375 0.553125 0.021875 0.046875
0.0 0.378125 0.5578125 0.025 0.0359375
0.0 0.3 0.5859375 0.034375 0.03125
0.0 0.359375 0.590625 0.0453125 0.0234375
0.0 0.4890625 0.6 0.021875 0.0328125
0.0 0.46875 0.6359375 0.01875 0.0578125
0.0 0.3546875 0.65 0.046875 0.028125
0.0 0.578125 0.6640625 0.0546875 0.071875
0.0 0.4171875 0.665625 0.0296875 0.028125
0.0 0.49375 0.6890625 0.0296875 0.0703125
0.0 0.6015625 0.1828125 0.0203125 0.0265625
0.0 0.5640625 0.7109375 0.028125 0.034375
0.0 0.4625 0.7171875 0.021875 0.0390625
0.0 0.596875 0.7328125 0.0296875 0.0578125
0.0 0.5703125 0.753125 0.040625 0.0453125
0.0 0.51875 0.7671875 0.0296875 0.0296875
0.0 0.65 0.771875 0.028125 0.0453125
0.0 0.5640625 0.7890625 0.0328125 0.078125
0.0 0.521875 0.81875 0.021875 0.0234375
0.0 0.5265625 0.2015625 0.0546875 0.028125
0.0 0.634375 0.2203125 0.0203125 0.0359375
