0.0 0.6625 0.2421875 0.053125 0.0296875
0.0 0.58125 0.24375 0.0265625 0.059375
0.0 0.4765625 0.240625 0.0265625 0.0359375
0.0 0.47968750000000004 0.28125 0.1 0.034375
0.0 0.4546875 0.315625 0.01875 0.01875
0.0 0.41093749999999996 0.365625 0.046875 0.04375
0.0 0.35 0.28125 0.046875 0.028125
0.0 0.30156249999999996 0.3671875 0.025 0.05625
0.0 0.23124999999999996 0.35 0.0234375 0.0390625
0.0 0.23124999999999996 0.31875 0.0375 0.01875
0.0 0.14687499999999998 0.3515625 0.071875 0.046875
0.0 0.22031250000000002 0.421875 0.03125 0.0296875
0.0 0.3296875 0.496875 0.0671875 0.0921875
0.0 0.1796875 0.584375 0.03125 0.0546875
0.0 0.453125 0.6203125 0.028125 0.075
0.0 0.35468750000000004 0.71875 0.065625 0.028125
0.0 0.415625 0.703125 0.0421875 0.0546875
0.0 0.45781249999999996 0.7734375 0.0453125 0.0421875
0.0 0.41718750000000004 0.778125 0.05 0.090625
0.0 0.5109375 0.6359375 0.0484375 0.028125
0.0 0.553125 0.6140625 0.0203125 0.021875
0.0 0.5765625 0.6546875 0.025 0.0421875
0.0 0.6109375 0.609375 0.0296875 0.034375
0.0 0.5625 0.584375 0.0703125 0.0203125
0.0 0.603125 0.5515625 0.075 0.0421875
0.0 0.56875 0.534375 0.025 0.03125
0.0 0.5671875 0.4828125 0.0328125 0.0671875
0.0 0.5046875 0.5015625 0.0296875 0.021875
0.0 0.490625 0.5171875 0.0375 0.021875
0.0 0.6453125 0.4421875 0.0296875 0.053125
0.0 0.640625 0.3265625 0.0484375 0.0578125
0.0 0.5828125 0.3296875 0.0484375 0.01875
0.0 0.7375 0.3203125 0.028125 0.03125
0.0 0.734375 0.2609375 0.0296875 0.0296875
0.0 0.7734375 0.3140625 0.0171875 0.05625
0.0 0.7625 0.3625 0.025 0.0171875
0.0 0.815625 0.2859375 0.0203125 0.03125
0.0 0.8171875 0.4171875 0.021875 0.0265625
0.0 0.7609375 0.4578125 0.06875 0.025
0.0 0.75625 0.55 0.0234375 0.0578125
0.0 0.8375 0.503125 0.0359375 0.04375
0.0 0.725 0.6390625 0.0375 0.0515625
0.0 0.740625 0.7359375 0.04375 0.0265625
0.0 0.640625 0.775 0.05625 0.025
0.0 0.6046875 0.8109375 0.0640625 0.034375
0.0 0.90625 0.7046875 0.0421875 0.0703125
