0.0 0.615625 0.2765625 0.05 0.05625
0.0 0.5703125 0.303125 0.0265625 0.0140625
0.0 0.5046875 0.3046875 0.0546875 0.01875
0.0 0.503125 0.3109375 0.0171875 0.0640625
0.0 0.5640625 0.3609375 0.04375 0.03125
0.0 0.5234375 0.3546875 0.01875 0.040625
0.0 0.58125 0.3890625 0.053125 0.0203125
0.0 0.5625 0.425 0.025 0.0203125
0.0 0.6125 0.459375 0.0328125 0.0390625
0.0 0.6203125 0.434375 0.0625 0.04375
0.0 0.603125 0.4921875 0.021875 0.015625
0.0 0.5375 0.478125 0.0546875 0.0703125
0.0 0.603125 0.571875 0.03125 0.0390625
0.0 0.5734375 0.5515625 0.0453125 0.0390625
0.0 0.5203125 0.5734375 0.03125 0.06875
0.0 0.5265625 0.6453125 0.0203125 0.0375
0.0 0.5015625 0.7 0.025 0.015625
0.0 0.465625 0.6859375 0.05 0.0390625
0.0 0.4484375 0.6421875 0.0328125 0.0359375
0.0 0.375 0.7375 0.1140625 0.0234375
0.0 0.3625 0.6921875 0.025 0.028125
0.0 0.3140625 0.6375 0.021875 0.0328125
0.0 0.2765625 0.6484375 0.046875 0.040625
0.0 0.40625 0.5953125 0.071875 0.075
0.0 0.403125 0.5421875 0.0421875 0.0171875
0.0 0.4578125 0.5140625 0.015625 0.025
0.0 0.41875 0.4671875 0.053125 0.01875
0.0 0.40625 0.503125 0.06875 0.0375
0.0 0.365625 0.5109375 0.0171875 0.05
0.0 0.4140625 0.41875 0.0203125 0.028125
0.0 0.421875 0.403125 0.0453125 0.0359375
0.0 0.465625 0.3875 0.0359375 0.03125
0.0 0.4859375 0.3671875 0.025 0.0203125
0.0 0.41875 0.3375 0.0296875 0.0984375
0.0 0.3859375 0.359375 0.028125 0.0328125
0.0 0.3359375 0.415625 0.040625 0.046875
0.0 0.309375 0.44375 0.0234375 0.0140625
0.0 0.325 0.5265625 0.01875 0.05625
0.0 0.259375 0.559375 0.0703125 0.0390625
0.0 0.234375 0.5453125 0.034375 0.028125
0.0 0.2859375 0.503125 0.01875 0.03125
0.0 0.2515625 0.5171875 0.040625 0.0234375
0.0 0.2109375 0.453125 0.028125 0.0171875
0.0 0.228125 0.4671875 0.0328125 0.0171875
0.0 0.196875 0.503125 0.06875 0.040625
0.0 0.1734375 0.5609375 0.0546875 0.01875
0.0 0.184375 0.6484375 0.075 0.0390625
