0.0 0.6484375 0.19375 0.084375 0.025
0.0 0.646875 0.246875 0.0203125 0.05
0.0 0.5859375 0.2203125 0.0640625 0.0390625
0.0 0.5640625 0.2765625 0.0609375 0.0703125
0.0 0.5203125 0.35 0.0265625 0.0171875
0.0 0.44062500000000004 0.2484375 0.065625 0.0375
0.0 0.375 0.221875 0.0640625 0.0796875
0.0 0.31875 0.24375 0.0359375 0.0734375
0.0 0.334375 0.278125 0.1140625 0.075
0.0 0.18125000000000002 0.2921875 0.0796875 0.0875
0.0 0.30781250000000004 0.4234375 0.0375 0.0359375
0.0 0.25 0.4359375 0.0546875 0.015625
0.0 0.16093749999999996 0.4671875 0.065625 0.1265625
0.0 0.25625 0.5890625 0.03125 0.0375
0.0 0.36406249999999996 0.5828125 0.05625 0.0484375
0.0 0.40625 0.51875 0.0265625 0.0171875
0.0 0.4515625 0.4234375 0.03125 0.028125
0.0 0.44843750000000004 0.3796875 0.0578125 0.046875
0.0 0.46406250000000004 0.384375 0.0703125 0.0546875
0.0 0.46562499999999996 0.328125 0.0421875 0.040625
0.0 0.5296875 0.40625 0.0234375 0.03125
0.0 0.528125 0.5375 0.059375 0.03125
0.0 0.43125 0.6265625 0.0953125 0.0265625
0.0 0.37812500000000004 0.6625 0.109375 0.053125
0.0 0.4546875 0.6484375 0.046875 0.0265625
0.0 0.47968750000000004 0.6015625 0.0828125 0.0453125
0.0 0.46562499999999996 0.7140625 0.028125 0.021875
0.0 0.5875 0.6484375 0.0171875 0.0265625
0.0 0.628125 0.65 0.0578125 0.0546875
0.0 0.6625 0.7078125 0.053125 0.05
0.0 0.640625 0.7796875 0.046875 0.0484375
0.0 0.7359375 0.7 0.0203125 0.0390625
0.0 0.7109375 0.6890625 0.0390625 0.06875
0.0 0.79375 0.5109375 0.0359375 0.0390625
0.0 0.6984375 0.51875 0.0203125 0.04375
0.0 0.65 0.515625 0.015625 0.034375
0.0 0.6125 0.4609375 0.01875 0.021875
0.0 0.63125 0.3703125 0.0171875 0.034375
0.0 0.675 0.4015625 0.028125 0.05625
0.0 0.6953125 0.4171875 0.0984375 0.040625
0.0 0.71875 0.4671875 0.0703125 0.025
0.0 0.659375 0.4546875 0.059375 0.0515625
0.0 0.7109375 0.3640625 0.0390625 0.103125
0.0 0.7984375 0.2953125 0.059375 0.0171875
0.0 0.7578125 0.3421875 0.04375 0.0984375
0.0 0.903125 0.4609375 0.034375 0.0640625
