0.0 0.73125 0.3015625 0.0265625 0.0328125
0.0 0.703125 0.3125 0.025 0.028125
0.0 0.6828125 0.3390625 0.0390625 0.046875
0.0 0.590625 0.340625 0.028125 0.075
0.0 0.53125 0.3765625 0.021875 0.0171875
0.0 0.5046875 0.3890625 0.0296875 0.059375
0.0 0.5046875 0.39375 0.034375 0.0171875
0.0 0.7640625 0.4015625 0.0234375 0.05
0.0 0.565625 0.425 0.0328125 0.0265625
0.0 0.415625 0.4359375 0.0265625 0.0203125
0.0 0.51875 0.440625 0.0625 0.025
0.0 0.45625 0.4515625 0.021875 0.0359375
0.0 0.621875 0.4671875 0.0453125 0.021875
0.0 0.371875 0.4734375 0.025 0.0234375
0.0 0.4859375 0.4828125 0.03125 0.0265625
0.0 0.5484375 0.4828125 0.0765625 0.0359375
0.0 0.5328125 0.4921875 0.03125 0.0734375
0.0 0.4609375 0.5 0.0375 0.04375
0.0 0.66875 0.5015625 0.01875 0.0203125
0.0 0.3875 0.5015625 0.0421875 0.03125
0.0 0.6921875 0.50625 0.021875 0.021875
0.0 0.6140625 0.5078125 0.0453125 0.0203125
0.0 0.70625 0.5078125 0.0609375 0.065625
0.0 0.6453125 0.5296875 0.0265625 0.028125
0.0 0.6109375 0.53125 0.021875 0.0234375
0.0 0.46875 0.5359375 0.0546875 0.040625
0.0 0.3609375 0.5375 0.0375 0.0171875
0.0 0.58125 0.546875 0.0515625 0.053125
0.0 0.6953125 0.565625 0.021875 0.05
0.0 0.38125 0.56875 0.0171875 0.0234375
0.0 0.6328125 0.5703125 0.0421875 0.0390625
0.0 0.459375 0.5734375 0.0328125 0.0578125
0.0 0.43125 0.5796875 0.025 0.0375
0.0 0.565625 0.58125 0.025 0.0296875
0.0 0.4015625 0.58125 0.028125 0.04375
0.0 0.359375 0.5859375 0.028125 0.01875
0.0 0.4953125 0.596875 0.0234375 0.0453125
0.0 0.5203125 0.6015625 0.0234375 0.0328125
0.0 0.634375 0.6078125 0.0203125 0.046875
0.0 0.59375 0.625 0.053125 0.04375
0.0 0.6625 0.64375 0.05 0.0421875
0.0 0.5453125 0.646875 0.01875 0.0203125
0.0 0.49375 0.6484375 0.04375 0.03125
0.0 0.471875 0.659375 0.0359375 0.0359375
0.0 0.45 0.6703125 0.028125 0.0265625
0.0 0.61875 0.7015625 0.0484375 0.05
