0.0 0.575 0.2109375 0.0796875 0.053125
0.0 0.5484375 0.259375 0.0421875 0.053125
0.0 0.48124999999999996 0.2640625 0.0890625 0.03125
0.0 0.4390625 0.3234375 0.046875 0.0359375
0.0 0.34375 0.315625 0.1109375 0.046875
0.0 0.26875000000000004 0.41875 0.0859375 0.0359375
0.0 0.19999999999999996 0.4546875 0.0234375 0.0421875
0.0 0.290625 0.4609375 0.0453125 0.03125
0.0 0.3359375 0.3953125 0.096875 0.0953125
0.0 0.4609375 0.3546875 0.0421875 0.0390625
0.0 0.44843750000000004 0.3953125 0.109375 0.06875
0.0 0.453125 0.4359375 0.0890625 0.140625
0.0 0.4859375 0.4953125 0.053125 0.0359375
0.0 0.50625 0.4375 0.0984375 0.0953125
0.0 0.60625 0.3328125 0.1125 0.040625
0.0 0.6859375 0.303125 0.05625 0.034375
0.0 0.5859375 0.3859375 0.065625 0.059375
0.0 0.5203125 0.5453125 0.0640625 0.0640625
0.0 0.584375 0.51875 0.0234375 0.0359375
0.0 0.60625 0.54375 0.0484375 0.040625
0.0 0.5515625 0.6203125 0.040625 0.0828125
0.0 0.5859375 0.621875 0.0359375 0.090625
0.0 0.46875 0.665625 0.0421875 0.0625
0.0 0.41874999999999996 0.6640625 0.0296875 0.0875
0.0 0.3421875 0.625 0.0984375 0.028125
0.0 0.35 0.5875 0.046875 0.021875
0.0 0.365625 0.71875 0.06875 0.1515625
0.0 0.18281250000000004 0.6953125 0.08125 0.0375
0.0 0.16718750000000004 0.5546875 0.1078125 0.0609375
0.0 0.3140625 0.496875 0.0859375 0.03125
0.0 0.47343749999999996 0.7890625 0.0890625 0.065625
0.0 0.6125 0.7359375 0.0609375 0.03125
0.0 0.628125 0.6859375 0.0828125 0.065625
0.0 0.6875 0.6796875 0.03125 0.109375
0.0 0.8421875 0.71875 0.0671875 0.0453125
0.0 0.790625 0.6421875 0.1203125 0.1109375
0.0 0.6828125 0.5765625 0.0703125 0.028125
0.0 0.6734375 0.4875 0.0609375 0.140625
0.0 0.678125 0.3734375 0.03125 0.0453125
0.0 0.7109375 0.3765625 0.0359375 0.0890625
0.0 0.8171875 0.334375 0.034375 0.0484375
0.0 0.7609375 0.409375 0.053125 0.0578125
0.0 0.8140625 0.453125 0.084375 0.0328125
0.0 0.79375 0.53125 0.065625 0.0484375
0.0 0.8453125 0.53125 0.06875 0.1046875
0.0 0.7 0.23125 0.03125 0.0453125
