0.0 0.3453125 0.3015625 0.059375 0.0359375
0.0 0.5078125 0.3375 0.04375 0.028125
0.0 0.675 0.359375 0.0515625 0.0265625
0.0 0.3484375 0.36875 0.0640625 0.0640625
0.0 0.26875 0.371875 0.0453125 0.034375
0.0 0.5421875 0.3828125 0.06875 0.0296875
0.0 0.453125 0.390625 0.028125 0.0375
0.0 0.61875 0.390625 0.0234375 0.03125
0.0 0.665625 0.3921875 0.0265625 0.03125
0.0 0.2625 0.4078125 0.0234375 0.025
0.0 0.503125 0.4140625 0.025 0.046875
0.0 0.565625 0.4203125 0.0375 0.040625
0.0 0.4703125 0.4296875 0.025 0.0421875
0.0 0.346875 0.4296875 0.025 0.034375
0.0 0.5296875 0.4390625 0.03125 0.025
0.0 0.184375 0.4421875 0.0671875 0.028125
0.0 0.375 0.44375 0.0171875 0.03125
0.0 0.2359375 0.45625 0.021875 0.0296875
0.0 0.33125 0.459375 0.021875 0.028125
0.0 0.184375 0.4765625 0.01875 0.0265625
0.0 0.66875 0.4765625 0.0296875 0.025
0.0 0.3859375 0.4796875 0.03125 0.0390625
0.0 0.4984375 0.4921875 0.0703125 0.0546875
0.0 0.2890625 0.5109375 0.025 0.021875
0.0 0.659375 0.5140625 0.03125 0.0484375
0.0 0.3515625 0.5171875 0.0234375 0.05
0.0 0.7 0.5234375 0.034375 0.05
0.0 0.5453125 0.528125 0.0296875 0.0234375
0.0 0.5109375 0.540625 0.034375 0.0375
0.0 0.6 0.55625 0.021875 0.0296875
0.0 0.4359375 0.5625 0.0234375 0.03125
0.0 0.7015625 0.5671875 0.0828125 0.065625
0.0 0.234375 0.5859375 0.04375 0.04375
0.0 0.73125 0.6203125 0.0734375 0.0515625
0.0 0.6140625 0.621875 0.053125 0.028125
0.0 0.4125 0.6234375 0.0296875 0.059375
0.0 0.2890625 0.6328125 0.0625 0.0265625
0.0 0.384375 0.646875 0.0328125 0.05
0.0 0.703125 0.6515625 0.025 0.04375
0.0 0.5953125 0.665625 0.0515625 0.0421875
0.0 0.7265625 0.66875 0.0359375 0.0359375
0.0 0.3125 0.6734375 0.028125 0.0234375
0.0 0.671875 0.6765625 0.0515625 0.053125
0.0 0.5234375 0.6765625 0.0453125 0.0296875
0.0 0.4765625 0.7234375 0.0546875 0.0296875
0.0 0.5515625 0.7875 0.053125 0.05
