0.0 0.41 0.0075 0.17 0.015
0.0 0.7875 0.0725 0.085 0.085
0.0 0.62 0.105 0.17 0.08
0.0 1.0 0.1275 0.0 0.135
0.0 0.4975 0.1475 0.075 0.085
0.0 0.1525 0.2 0.135 0.09
0.0 0.62 0.1975 0.11 0.125
0.0 0.9425 0.2275 0.115 0.165
0.0 0.735 0.25 0.09 0.11
0.0 0.69 0.295 0.05 0.07
0.0 0.62 0.305 0.05 0.06
0.0 0.4275 0.325 0.075 0.1
0.0 0.9625 0.3525 0.065 0.145
0.0 0.295 0.385 0.08 0.19
0.0 0.6125 0.4275 0.095 0.075
0.0 0.94 0.4625 0.12 0.065
0.0 0.4625 0.48 0.095 0.06
0.0 0.9875 0.515 0.025 0.14
0.0 0.67 0.5475 0.12 0.075
0.0 0.785 0.585 0.1 0.2
0.0 0.8825 0.585 0.065 0.1
0.0 0.345 0.66 0.15 0.18
0.0 0.9825 0.7175 0.035 0.095
0.0 0.5775 0.7175 0.065 0.075
0.0 0.47 0.8225 0.11 0.155
0.0 0.15 0.85 0.17 0.24
0.0 0.9375 0.855 0.115 0.12
0.0 0.535 0.9275 0.16 0.145
0.0 0.6675 0.95 0.085 0.05
0.0 0.3375 0.995 0.115 0.01
