0.0 0.4015625 0.2578125 0.0484375 0.0171875
0.0 0.309375 0.2765625 0.04375 0.0421875
0.0 0.43125 0.3 0.05 0.021875
0.0 0.4984375 0.2921875 0.09375 0.05625
0.0 0.415625 0.2859375 0.0984375 0.0234375
0.0 0.4921875 0.365625 0.0703125 0.021875
0.0 0.5515625 0.3984375 0.03125 0.0328125
0.0 0.5296875 0.3890625 0.0640625 0.0890625
0.0 0.6109375 0.4453125 0.0296875 0.0234375
0.0 0.5984375 0.4265625 0.0421875 0.059375
0.0 0.5515625 0.459375 0.04375 0.0609375
0.0 0.496875 0.5 0.0375 0.01875
0.0 0.4640625 0.50625 0.046875 0.034375
0.0 0.44375 0.51875 0.025 0.01875
0.0 0.475 0.54375 0.0140625 0.01875
0.0 0.4515625 0.58125 0.06875 0.0265625
0.0 0.4078125 0.5515625 0.0140625 0.0140625
0.0 0.3875 0.51875 0.0203125 0.0140625
0.0 0.3921875 0.5421875 0.0390625 0.025
0.0 0.396875 0.4625 0.04375 0.034375
0.0 0.45625 0.45 0.0703125 0.034375
0.0 0.3953125 0.44375 0.0546875 0.0375
0.0 0.365625 0.471875 0.021875 0.0109375
0.0 0.4140625 0.4125 0.034375 0.0171875
0.0 0.40625 0.371875 0.0171875 0.0109375
0.0 0.3828125 0.4 0.0140625 0.021875
0.0 0.3578125 0.384375 0.0171875 0.0265625
0.0 0.26875 0.4453125 0.046875 0.0625
0.0 0.29375 0.521875 0.0265625 0.0328125
0.0 0.3171875 0.5203125 0.040625 0.053125
0.0 0.2578125 0.4859375 0.015625 0.0296875
0.0 0.2625 0.5265625 0.0390625 0.053125
0.0 0.3609375 0.640625 0.0328125 0.0453125
0.0 0.275 0.615625 0.0265625 0.053125
0.0 0.396875 0.6484375 0.01875 0.053125
0.0 0.4296875 0.653125 0.0390625 0.021875
0.0 0.440625 0.6484375 0.0578125 0.040625
0.0 0.44375 0.6859375 0.0453125 0.0359375
0.0 0.3515625 0.69375 0.0296875 0.0265625
0.0 0.30625 0.7078125 0.0328125 0.071875
0.0 0.2265625 0.575 0.0484375 0.0203125
0.0 0.1984375 0.5421875 0.053125 0.0578125
0.0 0.184375 0.4703125 0.06875 0.0734375
