0.0 0.2921875 0.2171875 0.0390625 0.08125
0.0 0.246875 0.3015625 0.053125 0.0921875
0.0 0.2234375 0.3109375 0.1125 0.046875
0.0 0.2828125 0.325 0.11875 0.103125
0.0 0.3140625 0.3703125 0.0625 0.0328125
0.0 0.240625 0.4 0.0484375 0.03125
0.0 0.4796875 0.3796875 0.0421875 0.028125
0.0 0.3140625 0.521875 0.04375 0.046875
0.0 0.48125 0.4671875 0.028125 0.0390625
0.0 0.4140625 0.521875 0.06875 0.0984375
0.0 0.1765625 0.4796875 0.0328125 0.1078125
0.0 0.3390625 0.6390625 0.0734375 0.0890625
0.0 0.40625 0.6828125 0.0265625 0.0265625
0.0 0.490625 0.7140625 0.0671875 0.03125
0.0 0.55 0.696875 0.025 0.0640625
0.0 0.5546875 0.64375 0.0390625 0.0265625
0.0 0.503125 0.5453125 0.1234375 0.0953125
0.0 0.565625 0.5359375 0.0828125 0.0515625
0.0 0.5828125 0.4703125 0.0609375 0.03125
0.0 0.5875 0.596875 0.096875 0.04375
0.0 0.6421875 0.603125 0.08125 0.1078125
0.0 0.6859375 0.6140625 0.059375 0.0671875
0.0 0.678125 0.45625 0.0265625 0.053125
0.0 0.6578125 0.403125 0.0265625 0.04375
0.0 0.75 0.4671875 0.03125 0.05625
0.0 0.778125 0.5140625 0.046875 0.090625
0.0 0.7859375 0.4109375 0.0453125 0.0828125
0.0 0.7640625 0.3609375 0.03125 0.034375
0.0 0.5796875 0.34375 0.071875 0.0546875
0.0 0.5953125 0.321875 0.0375 0.0421875
0.0 0.6828125 0.346875 0.0703125 0.128125
0.0 0.7125 0.3203125 0.040625 0.078125
0.0 0.753125 0.3125 0.040625 0.0359375
0.0 0.8 0.3 0.0328125 0.0578125
0.0 0.6109375 0.3078125 0.0765625 0.075
0.0 0.703125 0.2234375 0.078125 0.0328125
0.0 0.50625 0.2046875 0.0796875 0.05625
0.0 0.4796875 0.2546875 0.0359375 0.0265625
0.0 0.525 0.2359375 0.059375 0.0515625
0.0 0.6046875 0.2140625 0.0375 0.028125
0.0 0.5515625 0.2703125 0.071875 0.0609375
