0.0 0.13 0.0475 0.06 0.095
0.0 0.8825 0.03 0.165 0.06
0.0 0.42 0.0275 0.19 0.055
0.0 0.5575 0.0575 0.325 0.115
0.0 0.6125 0.085 0.125 0.17
0.0 0.9875 0.1 0.025 0.13
0.0 0.18 0.1075 0.08 0.185
0.0 0.905 0.1375 0.19 0.075
0.0 0.385 0.1525 0.05 0.065
0.0 0.1225 0.21 0.225 0.21
0.0 0.65 0.2075 0.13 0.075
0.0 0.9325 0.275 0.135 0.1
0.0 0.2725 0.3025 0.065 0.185
0.0 0.41 0.33 0.08 0.07
0.0 0.7625 0.355 0.255 0.17
0.0 0.5625 0.3625 0.095 0.095
0.0 0.4675 0.42 0.085 0.11
0.0 0.925 0.455 0.15 0.09
0.0 0.4825 0.5025 0.105 0.055
0.0 0.675 0.5075 0.11 0.235
0.0 0.9425 0.5175 0.115 0.215
0.0 0.165 0.53 0.06 0.09
0.0 0.7925 0.5325 0.075 0.065
0.0 0.4325 0.58 0.125 0.09
0.0 0.0775 0.6325 0.155 0.085
0.0 0.9925 0.655 0.015 0.19
0.0 0.5425 0.6675 0.135 0.085
0.0 0.7375 0.7125 0.065 0.125
0.0 0.645 0.7175 0.09 0.105
0.0 0.8025 0.7625 0.115 0.085
0.0 0.5 0.8025 0.21 0.115
0.0 0.9375 0.83 0.125 0.07
0.0 0.8875 0.9275 0.105 0.095
