0.0 0.41875 0.3015625 0.03125 0.0515625
0.0 0.3640625 0.315625 0.0234375 0.0515625
0.0 0.3875 0.359375 0.0359375 0.028125
0.0 0.4703125 0.340625 0.028125 0.015625
0.0 0.425 0.3875 0.0765625 0.021875
0.0 0.45 0.4125 0.021875 0.015625
0.0 0.4953125 0.428125 0.0359375 0.0484375
0.0 0.5515625 0.409375 0.05625 0.05625
0.0 0.575 0.3640625 0.0359375 0.0484375
0.0 0.640625 0.38125 0.040625 0.0484375
0.0 0.621875 0.459375 0.0484375 0.0609375
0.0 0.653125 0.515625 0.0359375 0.0703125
0.0 0.596875 0.503125 0.05 0.0859375
0.0 0.5484375 0.4921875 0.0421875 0.0734375
0.0 0.5078125 0.4859375 0.0484375 0.025
0.0 0.534375 0.5875 0.0328125 0.0265625
0.0 0.490625 0.609375 0.025 0.0875
0.0 0.51875 0.684375 0.0234375 0.040625
0.0 0.4625 0.6109375 0.025 0.015625
0.0 0.4296875 0.625 0.0296875 0.0171875
0.0 0.390625 0.678125 0.028125 0.0234375
0.0 0.40625 0.6546875 0.0234375 0.0515625
0.0 0.3515625 0.6890625 0.028125 0.0640625
0.0 0.3671875 0.54375 0.025 0.05625
0.0 0.4375 0.515625 0.015625 0.0203125
0.0 0.415625 0.521875 0.059375 0.0578125
0.0 0.409375 0.4625 0.0421875 0.0578125
0.0 0.3640625 0.4109375 0.0421875 0.03125
0.0 0.3234375 0.40625 0.021875 0.0203125
0.0 0.284375 0.43125 0.0203125 0.0234375
0.0 0.25625 0.421875 0.01875 0.0203125
0.0 0.31875 0.44375 0.0703125 0.084375
0.0 0.2953125 0.484375 0.0390625 0.03125
0.0 0.30625 0.5328125 0.0203125 0.0328125
0.0 0.221875 0.4484375 0.040625 0.0328125
0.0 0.2421875 0.478125 0.034375 0.0203125
0.0 0.2546875 0.5125 0.040625 0.046875
0.0 0.2453125 0.540625 0.0375 0.05
0.0 0.1734375 0.546875 0.040625 0.0609375
0.0 0.134375 0.515625 0.05 0.0609375
0.0 0.24375 0.6046875 0.01875 0.034375
0.0 0.20625 0.590625 0.034375 0.034375
0.0 0.1875 0.6171875 0.0453125 0.0359375
0.0 0.1890625 0.6640625 0.025 0.0328125
0.0 0.2546875 0.6828125 0.034375 0.021875
