0.0 0.445 0.02 0.12 0.04
0.0 0.6325 0.08 0.235 0.16
0.0 0.7925 0.065 0.115 0.13
0.0 0.295 0.1425 0.12 0.265
0.0 0.5625 0.1925 0.255 0.185
0.0 0.795 0.2125 0.2 0.165
0.0 0.1025 0.3275 0.075 0.125
0.0 0.49 0.4175 0.16 0.225
0.0 0.995 0.4475 0.01 0.245
0.0 0.955 0.5275 0.09 0.265
0.0 0.6275 0.55 0.085 0.19
0.0 0.725 0.5675 0.18 0.285
0.0 0.1725 0.59 0.175 0.22
0.0 0.8075 0.635 0.125 0.13
0.0 0.9925 0.6375 0.015 0.095
0.0 0.4075 0.67 0.075 0.11
0.0 0.26 0.7125 0.1 0.095
0.0 0.5875 0.72 0.245 0.2
0.0 0.915 0.735 0.17 0.13
0.0 0.915 0.885 0.13 0.15
0.0 0.9625 0.9 0.075 0.11
0.0 0.3275 0.9425 0.165 0.095
