0.0 0.44375 0.2578125 0.0875 0.0421875
0.0 0.5078125 0.2671875 0.03125 0.0515625
0.0 0.5421875 0.275 0.0296875 0.053125
0.0 0.4265625 0.2828125 0.084375 0.034375
0.0 0.309375 0.3765625 0.0265625 0.0703125
0.0 0.3703125 0.3828125 0.025 0.028125
0.0 0.2484375 0.3859375 0.084375 0.0328125
0.0 0.4140625 0.3875 0.0328125 0.071875
0.0 0.4734375 0.390625 0.0203125 0.06875
0.0 0.534375 0.40625 0.0203125 0.0453125
0.0 0.365625 0.4125 0.0734375 0.053125
0.0 0.2828125 0.475 0.0265625 0.0515625
0.0 0.25625 0.48125 0.0234375 0.053125
0.0 0.5640625 0.5078125 0.1109375 0.0390625
0.0 0.6078125 0.5109375 0.0359375 0.06875
0.0 0.3828125 0.5140625 0.025 0.065625
0.0 0.4703125 0.5296875 0.01875 0.059375
0.0 0.225 0.534375 0.0390625 0.06875
0.0 0.4375 0.5390625 0.025 0.0265625
0.0 0.28125 0.5578125 0.0234375 0.040625
0.0 0.4765625 0.5734375 0.0296875 0.01875
0.0 0.3125 0.5796875 0.028125 0.0203125
0.0 0.3390625 0.5828125 0.0515625 0.0875
0.0 0.43125 0.5921875 0.053125 0.0296875
0.0 0.271875 0.596875 0.0328125 0.025
0.0 0.6328125 0.5984375 0.06875 0.0484375
0.0 0.5125 0.6078125 0.0515625 0.0328125
0.0 0.3953125 0.625 0.0234375 0.0578125
0.0 0.496875 0.640625 0.0296875 0.028125
0.0 0.43125 0.64375 0.015625 0.034375
0.0 0.4609375 0.65625 0.0234375 0.071875
0.0 0.64375 0.6578125 0.0375 0.0265625
0.0 0.3109375 0.659375 0.04375 0.059375
0.0 0.6921875 0.6984375 0.1125 0.03125
0.0 0.4140625 0.7 0.03125 0.053125
0.0 0.465625 0.7015625 0.0390625 0.021875
0.0 0.55 0.7296875 0.0546875 0.0453125
0.0 0.446875 0.74375 0.0265625 0.0421875
0.0 0.396875 0.746875 0.0234375 0.0625
0.0 0.428125 0.778125 0.0203125 0.040625
0.0 0.5046875 0.7953125 0.025 0.0375
0.0 0.5875 0.8046875 0.0390625 0.04375
0.0 0.4421875 0.21875 0.0359375 0.03125
0.0 0.315625 0.2484375 0.0265625 0.0375
