0.0 0.4921875 0.365625 0.0359375 0.0625
0.0 0.565625 0.365625 0.0203125 0.075
0.0 0.1984375 0.36875 0.01875 0.0875
0.0 0.434375 0.3875 0.0515625 0.028125
0.0 0.2890625 0.390625 0.059375 0.0203125
0.0 0.3328125 0.4015625 0.1015625 0.0359375
0.0 0.35 0.4078125 0.0390625 0.0578125
0.0 0.5109375 0.4140625 0.096875 0.040625
0.0 0.2140625 0.4171875 0.025 0.0578125
0.0 0.446875 0.4265625 0.071875 0.0234375
0.0 0.278125 0.43125 0.015625 0.0203125
0.0 0.196875 0.4484375 0.06875 0.065625
0.0 0.3609375 0.4484375 0.040625 0.0234375
0.0 0.553125 0.4484375 0.0421875 0.0203125
0.0 0.465625 0.46875 0.075 0.03125
0.0 0.24375 0.478125 0.0203125 0.0578125
0.0 0.2859375 0.4859375 0.025 0.021875
0.0 0.396875 0.49375 0.0796875 0.053125
0.0 0.334375 0.496875 0.0296875 0.0296875
0.0 0.55625 0.5046875 0.0296875 0.053125
0.0 0.3046875 0.5140625 0.0265625 0.034375
0.0 0.4484375 0.525 0.05 0.028125
0.0 0.309375 0.540625 0.0328125 0.0171875
0.0 0.36875 0.5421875 0.034375 0.0734375
0.0 0.5453125 0.5421875 0.025 0.025
0.0 0.4875 0.5453125 0.10625 0.0671875
0.0 0.209375 0.5484375 0.01875 0.028125
0.0 0.40625 0.55 0.0234375 0.0203125
0.0 0.29375 0.5640625 0.0390625 0.028125
0.0 0.6390625 0.5703125 0.015625 0.0328125
0.0 0.56875 0.5796875 0.025 0.0171875
0.0 0.175 0.58125 0.0640625 0.0265625
0.0 0.4765625 0.5875 0.021875 0.059375
0.0 0.328125 0.5921875 0.0421875 0.0265625
0.0 0.584375 0.603125 0.06875 0.0390625
0.0 0.3890625 0.60625 0.01875 0.040625
0.0 0.359375 0.6078125 0.028125 0.0328125
0.0 0.409375 0.621875 0.0359375 0.0265625
0.0 0.3140625 0.634375 0.065625 0.0359375
0.0 0.459375 0.6421875 0.05625 0.021875
0.0 0.590625 0.64375 0.0421875 0.0515625
0.0 0.5359375 0.6515625 0.0453125 0.021875
0.0 0.4359375 0.6734375 0.0328125 0.0296875
0.0 0.5015625 0.690625 0.0578125 0.0171875
