0.0 0.17 0.1925 0.12 0.205
0.0 0.04 0.3675 0.08 0.105
0.0 0.22 0.4225 0.06 0.065
0.0 0.2825 0.5275 0.105 0.085
0.0 0.335 0.6075 0.06 0.065
0.0 0.4075 0.565 0.075 0.17
0.0 0.58 0.545 0.15 0.2
0.0 0.4825 0.5575 0.075 0.155
0.0 0.635 0.7125 0.14 0.105
0.0 0.54 0.8925 0.21 0.105
0.0 0.49 0.945 0.28 0.11
0.0 0.2875 0.8325 0.055 0.145
0.0 0.11 0.9375 0.1 0.055
0.0 0.1975 0.8125 0.055 0.125
0.0 0.1075 0.945 0.055 0.11
0.0 0.11 0.8275 0.05 0.105
0.0 0.04 0.81 0.06 0.1
0.0 0.0175 0.8925 0.035 0.125
0.0 0.0075 0.9725 0.015 0.055
0.0 0.0875 0.55 0.135 0.07
0.0 0.045 0.6775 0.09 0.125
