0.0 0.9025 0.045 0.115 0.09
0.0 0.0475 0.02 0.095 0.04
0.0 0.1875 0.025 0.085 0.05
0.0 0.2825 0.0475 0.065 0.095
0.0 0.945 0.0625 0.11 0.125
0.0 0.7575 0.09 0.265 0.18
0.0 0.4575 0.08 0.175 0.13
0.0 0.0425 0.14 0.085 0.09
0.0 0.6775 0.2275 0.095 0.075
0.0 0.8775 0.2325 0.175 0.155
0.0 0.9075 0.2575 0.075 0.125
0.0 0.3825 0.2975 0.235 0.305
0.0 0.525 0.3075 0.17 0.125
0.0 0.2675 0.3975 0.135 0.195
0.0 0.0125 0.4175 0.025 0.215
0.0 0.9525 0.435 0.095 0.16
0.0 0.36 0.5025 0.14 0.135
0.0 0.8875 0.6075 0.085 0.075
0.0 0.725 0.61 0.11 0.11
0.0 0.46 0.6525 0.09 0.125
0.0 0.145 0.7275 0.11 0.175
0.0 0.37 0.7825 0.1 0.215
0.0 0.94 0.7875 0.12 0.075
0.0 0.925 0.8225 0.11 0.245
0.0 0.475 0.8775 0.07 0.115
