0.0 0.4234375 0.2890625 0.0328125 0.0234375
0.0 0.48750000000000004 0.33125 0.0171875 0.0765625
0.0 0.4609375 0.371875 0.0359375 0.0234375
0.0 0.5453125 0.3390625 0.0265625 0.04375
0.0 0.5125 0.35 0.03125 0.05
0.0 0.5609375 0.3859375 0.0734375 0.05
0.0 0.61875 0.3765625 0.0484375 0.0578125
0.0 0.596875 0.4359375 0.028125 0.025
0.0 0.6359375 0.4703125 0.059375 0.015625
0.0 0.678125 0.5078125 0.0171875 0.0171875
0.0 0.728125 0.4984375 0.015625 0.0265625
0.0 0.6890625 0.478125 0.0359375 0.06875
0.0 0.6609375 0.5453125 0.0265625 0.059375
0.0 0.6171875 0.5546875 0.0734375 0.03125
0.0 0.646875 0.5078125 0.0234375 0.034375
0.0 0.621875 0.5125 0.028125 0.021875
0.0 0.5703125 0.5375 0.0390625 0.028125
0.0 0.5875 0.5234375 0.0421875 0.025
0.0 0.5953125 0.490625 0.0203125 0.0203125
0.0 0.5140625 0.453125 0.053125 0.0234375
0.0 0.55 0.484375 0.08125 0.0515625
0.0 0.5296875 0.5203125 0.059375 0.09375
0.0 0.46875 0.503125 0.0296875 0.05625
0.0 0.5234375 0.5984375 0.021875 0.059375
0.0 0.4453125 0.55625 0.0328125 0.0296875
0.0 0.4046875 0.4546875 0.0171875 0.046875
0.0 0.359375 0.4453125 0.0390625 0.071875
0.0 0.31562500000000004 0.3984375 0.0265625 0.0140625
0.0 0.3296875 0.425 0.0390625 0.0484375
0.0 0.27031249999999996 0.5046875 0.040625 0.0671875
0.0 0.3109375 0.50625 0.040625 0.0359375
0.0 0.29218750000000004 0.5375 0.04375 0.0359375
0.0 0.31875 0.6015625 0.021875 0.1015625
0.0 0.35468750000000004 0.5609375 0.01875 0.053125
0.0 0.35468750000000004 0.6078125 0.0203125 0.0203125
0.0 0.36875 0.584375 0.01875 0.040625
0.0 0.3890625 0.5765625 0.0359375 0.084375
0.0 0.42500000000000004 0.596875 0.021875 0.1078125
0.0 0.3828125 0.6453125 0.075 0.040625
0.0 0.2828125 0.74375 0.025 0.025
0.0 0.4625 0.690625 0.0515625 0.05625
0.0 0.5015625 0.6640625 0.0390625 0.034375
0.0 0.553125 0.7234375 0.0296875 0.040625
0.0 0.5453125 0.7 0.0515625 0.0421875
0.0 0.584375 0.6421875 0.034375 0.03125
0.0 0.65 0.6171875 0.0125 0.0328125
0.0 0.69375 0.5875 0.015625 0.0265625
