0.0 0.7671875 0.2578125 0.0234375 0.0296875
0.0 0.5734375 0.2953125 0.0203125 0.05
0.0 0.6109375 0.30625 0.0375 0.0796875
0.0 0.5734375 0.3421875 0.0359375 0.021875
0.0 0.7859375 0.3515625 0.021875 0.053125
0.0 0.7296875 0.3546875 0.0359375 0.046875
0.0 0.49687499999999996 0.3625 0.03125 0.034375
0.0 0.590625 0.371875 0.0453125 0.028125
0.0 0.8109375 0.3890625 0.0203125 0.0296875
0.0 0.771875 0.4015625 0.03125 0.0515625
0.0 0.534375 0.4046875 0.053125 0.0359375
0.0 0.609375 0.4171875 0.021875 0.0421875
0.0 0.646875 0.4375 0.0625 0.034375
0.0 0.2265625 0.446875 0.040625 0.015625
0.0 0.3296875 0.45625 0.028125 0.0328125
0.0 0.61875 0.46875 0.059375 0.028125
0.0 0.37968749999999996 0.4703125 0.021875 0.0203125
0.0 0.75625 0.471875 0.0359375 0.0484375
0.0 0.5328125 0.4765625 0.0421875 0.0515625
0.0 0.49531250000000004 0.4859375 0.0265625 0.0234375
0.0 0.48124999999999996 0.5109375 0.025 0.04375
0.0 0.40312499999999996 0.515625 0.0578125 0.028125
0.0 0.27656250000000004 0.5203125 0.0421875 0.028125
0.0 0.5359375 0.5203125 0.05625 0.0265625
0.0 0.7 0.528125 0.05 0.0265625
0.0 0.20468750000000002 0.5640625 0.05625 0.0453125
0.0 0.3921875 0.5671875 0.0359375 0.0328125
0.0 0.7671875 0.5796875 0.0640625 0.0328125
0.0 0.65625 0.5828125 0.046875 0.0375
0.0 0.21250000000000002 0.6 0.021875 0.025
0.0 0.4984375 0.6078125 0.0453125 0.053125
0.0 0.5578125 0.6203125 0.01875 0.03125
0.0 0.4359375 0.6359375 0.028125 0.084375
0.0 0.6171875 0.6359375 0.05 0.075
0.0 0.58125 0.64375 0.025 0.046875
0.0 0.48906249999999996 0.653125 0.021875 0.0359375
0.0 0.3765625 0.6671875 0.0796875 0.0265625
0.0 0.1953125 0.6734375 0.021875 0.025
0.0 0.4859375 0.7 0.0625 0.0359375
0.0 0.7140625 0.7015625 0.025 0.021875
0.0 0.6578125 0.734375 0.0234375 0.0359375
0.0 0.22187500000000004 0.734375 0.0296875 0.025
0.0 0.27656250000000004 0.746875 0.0203125 0.021875
0.0 0.6890625 0.221875 0.0296875 0.0265625
0.0 0.5015625 0.2515625 0.040625 0.046875
