0.0 0.0175 0.035 0.035 0.07
0.0 0.0375 0.3475 0.075 0.215
0.0 0.0075 0.5075 0.015 0.135
0.0 0.15 0.3875 0.05 0.145
0.0 0.2675 0.46 0.055 0.1
0.0 0.41 0.5275 0.15 0.125
0.0 0.2 0.17 0.11 0.1
0.0 0.33 0.2475 0.08 0.215
0.0 0.4225 0.06 0.125 0.12
0.0 0.4675 0.2 0.045 0.08
0.0 0.5675 0.235 0.065 0.13
0.0 0.4975 0.355 0.165 0.05
0.0 0.6675 0.0775 0.075 0.095
0.0 0.905 0.1325 0.1 0.265
0.0 0.9675 0.31 0.065 0.27
0.0 0.8075 0.6975 0.065 0.095
0.0 0.7075 0.595 0.145 0.12
0.0 0.5275 0.6575 0.145 0.135
0.0 0.4575 0.8225 0.065 0.115
0.0 0.5725 0.935 0.175 0.1
0.0 0.14 0.9625 0.06 0.055
0.0 0.255 0.9975 0.21 0.005
0.0 0.2225 0.815 0.065 0.18
0.0 0.2275 0.84 0.155 0.15
0.0 0.3475 0.6475 0.125 0.075
0.0 0.0675 0.7575 0.095 0.055
0.0 0.0575 0.7225 0.075 0.175
0.0 0.0825 0.6875 0.165 0.085
0.0 0.06 0.8575 0.12 0.065
0.0 0.01 0.9375 0.02 0.085
