0.0 0.9125 0.035 0.125 0.07
0.0 0.92 0.2625 0.16 0.095
0.0 0.8425 0.5425 0.195 0.135
0.0 0.87 0.5125 0.11 0.185
0.0 0.905 0.475 0.19 0.18
0.0 0.9525 0.72 0.095 0.08
0.0 0.8425 0.7825 0.125 0.095
0.0 0.7375 0.6275 0.055 0.135
0.0 0.6425 0.725 0.115 0.1
0.0 0.6975 0.7825 0.065 0.125
0.0 0.6975 0.8925 0.225 0.185
0.0 0.9375 0.9675 0.125 0.065
0.0 0.485 0.9225 0.09 0.155
0.0 0.34 0.9625 0.08 0.075
0.0 0.2775 0.33 0.075 0.18
0.0 0.14 0.5325 0.06 0.095
0.0 0.0775 0.6 0.085 0.12
0.0 0.055 0.485 0.11 0.09
0.0 0.0175 0.5025 0.035 0.295
0.0 0.0525 0.7275 0.105 0.165
