0.0 0.3 0.19375 0.015625 0.03125
0.0 0.315625 0.21875 0.0796875 0.025
0.0 0.5234375 0.2234375 0.01875 0.0203125
0.0 0.7203125 0.315625 0.0609375 0.025
0.0 0.740625 0.346875 0.0609375 0.046875
0.0 0.7828125 0.3859375 0.034375 0.0453125
0.0 0.7515625 0.38125 0.04375 0.078125
0.0 0.646875 0.35625 0.0203125 0.015625
0.0 0.61875 0.3953125 0.0171875 0.0703125
0.0 0.5875 0.3828125 0.028125 0.03125
0.0 0.5609375 0.3578125 0.053125 0.0171875
0.0 0.55625 0.3734375 0.0171875 0.059375
0.0 0.4859375 0.315625 0.0515625 0.028125
0.0 0.46875 0.3453125 0.021875 0.0359375
0.0 0.4296875 0.303125 0.0171875 0.028125
0.0 0.4125 0.3375 0.0328125 0.0265625
0.0 0.3421875 0.315625 0.015625 0.015625
0.0 0.334375 0.3359375 0.0265625 0.0234375
0.0 0.271875 0.3546875 0.025 0.0265625
0.0 0.2703125 0.334375 0.04375 0.03125
0.0 0.1984375 0.409375 0.034375 0.01875
0.0 0.253125 0.409375 0.0171875 0.0140625
0.0 0.175 0.4234375 0.0625 0.0765625
0.0 0.2546875 0.446875 0.0578125 0.0421875
0.0 0.3703125 0.3796875 0.046875 0.0171875
0.0 0.4359375 0.415625 0.0171875 0.0234375
0.0 0.565625 0.4875 0.0578125 0.0328125
0.0 0.5953125 0.5296875 0.028125 0.065625
0.0 0.7078125 0.525 0.021875 0.0484375
0.0 0.534375 0.5984375 0.040625 0.040625
0.0 0.4921875 0.6125 0.040625 0.0375
0.0 0.4546875 0.6265625 0.025 0.0171875
0.0 0.4953125 0.4828125 0.0609375 0.04375
0.0 0.41875 0.509375 0.03125 0.04375
0.0 0.4 0.528125 0.015625 0.015625
0.0 0.3453125 0.5390625 0.0703125 0.0640625
0.0 0.36875 0.60625 0.0203125 0.03125
0.0 0.3421875 0.6421875 0.0265625 0.05
0.0 0.246875 0.55 0.0390625 0.04375
0.0 0.24375 0.5109375 0.015625 0.0171875
0.0 0.765625 0.2 0.05 0.034375
0.0 0.9171875 0.253125 0.015625 0.04375
0.0 0.4484375 0.809375 0.0375 0.01875
