0.0 0.3765625 0.23125 0.025 0.034375
0.0 0.46875 0.2265625 0.0328125 0.0421875
0.0 0.5734375 0.3046875 0.0265625 0.0328125
0.0 0.47187500000000004 0.3234375 0.0328125 0.040625
0.0 0.46406250000000004 0.353125 0.0453125 0.0453125
0.0 0.37187499999999996 0.365625 0.0484375 0.071875
0.0 0.375 0.4109375 0.075 0.05
0.0 0.2890625 0.34375 0.0296875 0.0265625
0.0 0.4375 0.4171875 0.0328125 0.034375
0.0 0.2796875 0.38125 0.0484375 0.0375
0.0 0.23593750000000002 0.4015625 0.028125 0.06875
0.0 0.19374999999999998 0.465625 0.040625 0.0875
0.0 0.2109375 0.5578125 0.075 0.109375
0.0 0.2421875 0.48125 0.0484375 0.0703125
0.0 0.27656250000000004 0.5203125 0.0421875 0.028125
0.0 0.290625 0.5484375 0.0671875 0.05
0.0 0.3203125 0.5796875 0.04375 0.0640625
0.0 0.31718749999999996 0.4890625 0.0953125 0.0578125
0.0 0.375 0.5390625 0.025 0.0515625
0.0 0.38593750000000004 0.596875 0.0609375 0.0546875
0.0 0.27031249999999996 0.675 0.071875 0.025
0.0 0.3609375 0.675 0.021875 0.021875
0.0 0.421875 0.7421875 0.0640625 0.075
0.0 0.396875 0.715625 0.075 0.071875
0.0 0.546875 0.728125 0.103125 0.0765625
0.0 0.61875 0.753125 0.0390625 0.0453125
0.0 0.7546875 0.6984375 0.059375 0.0640625
0.0 0.75 0.590625 0.0296875 0.0921875
0.0 0.6984375 0.61875 0.065625 0.0578125
0.0 0.628125 0.6125 0.0515625 0.1
0.0 0.6125 0.5421875 0.021875 0.0390625
0.0 0.7515625 0.521875 0.1421875 0.0328125
0.0 0.565625 0.6078125 0.0328125 0.0703125
0.0 0.49687499999999996 0.615625 0.040625 0.065625
0.0 0.4765625 0.54375 0.0296875 0.0421875
0.0 0.421875 0.5046875 0.046875 0.0703125
0.0 0.45781249999999996 0.4875 0.0296875 0.0453125
0.0 0.5140625 0.484375 0.0484375 0.0328125
0.0 0.50625 0.4828125 0.0484375 0.075
0.0 0.625 0.471875 0.0328125 0.021875
0.0 0.6546875 0.396875 0.0453125 0.06875
0.0 0.60625 0.4328125 0.0609375 0.0796875
0.0 0.5796875 0.3640625 0.0296875 0.0578125
0.0 0.55 0.4078125 0.0390625 0.1328125
0.0 0.5015625 0.38125 0.0296875 0.0203125
