0.0 0.4 0.296875 0.078125 0.0625
0.0 0.48124999999999996 0.30625 0.0640625 0.025
0.0 0.590625 0.30625 0.0421875 0.0515625
0.0 0.4 0.3078125 0.0171875 0.06875
0.0 0.565625 0.309375 0.0203125 0.025
0.0 0.5484375 0.3109375 0.021875 0.0671875
0.0 0.621875 0.3109375 0.0328125 0.0578125
0.0 0.4625 0.3390625 0.05625 0.0546875
0.0 0.49687499999999996 0.35625 0.040625 0.0265625
0.0 0.575 0.3671875 0.03125 0.0546875
0.0 0.6625 0.39375 0.028125 0.0484375
0.0 0.40625 0.396875 0.0265625 0.03125
0.0 0.5015625 0.396875 0.0359375 0.021875
0.0 0.4515625 0.40625 0.0578125 0.0859375
0.0 0.6140625 0.4203125 0.01875 0.0453125
0.0 0.49687499999999996 0.4265625 0.0453125 0.0546875
0.0 0.4296875 0.4328125 0.0171875 0.0234375
0.0 0.7015625 0.4359375 0.034375 0.0703125
0.0 0.6671875 0.44375 0.0234375 0.0453125
0.0 0.6 0.459375 0.04375 0.028125
0.0 0.5734375 0.4609375 0.0296875 0.034375
0.0 0.353125 0.465625 0.0171875 0.05625
0.0 0.46875 0.4875 0.0390625 0.0328125
0.0 0.521875 0.5046875 0.028125 0.0359375
0.0 0.6703125 0.50625 0.025 0.0421875
0.0 0.6375 0.5078125 0.0390625 0.046875
0.0 0.609375 0.5125 0.03125 0.0234375
0.0 0.5203125 0.5421875 0.0328125 0.0328125
0.0 0.43281250000000004 0.54375 0.0640625 0.0765625
0.0 0.5828125 0.54375 0.0390625 0.0171875
0.0 0.3890625 0.5484375 0.021875 0.0515625
0.0 0.6390625 0.5515625 0.025 0.0203125
0.0 0.5375 0.5546875 0.0296875 0.0234375
0.0 0.4375 0.56875 0.0390625 0.1
0.0 0.415625 0.575 0.0203125 0.0484375
0.0 0.565625 0.575 0.0171875 0.0265625
0.0 0.6859375 0.5765625 0.046875 0.0359375
0.0 0.6078125 0.596875 0.01875 0.034375
0.0 0.584375 0.6109375 0.0171875 0.04375
0.0 0.6171875 0.6203125 0.040625 0.05
0.0 0.49687499999999996 0.621875 0.01875 0.040625
0.0 0.4984375 0.6484375 0.0453125 0.021875
0.0 0.4671875 0.653125 0.0234375 0.025
0.0 0.44375 0.2484375 0.04375 0.040625
