0.0 0.96 0.02 0.08 0.04
0.0 0.9975 0.0825 0.005 0.125
0.0 0.985 0.415 0.03 0.15
0.0 0.95 0.4175 0.1 0.105
0.0 0.7675 0.345 0.065 0.08
0.0 0.6275 0.0375 0.205 0.075
0.0 0.5975 0.1825 0.185 0.075
0.0 0.4 0.335 0.07 0.07
0.0 0.3875 0.525 0.075 0.06
0.0 0.4575 0.735 0.085 0.09
0.0 0.3675 0.6925 0.115 0.165
0.0 0.3025 0.8225 0.075 0.055
0.0 0.2225 0.63 0.095 0.18
0.0 0.075 0.7175 0.1 0.135
0.0 0.875 0.7775 0.12 0.115
0.0 0.8475 0.87 0.065 0.06
0.0 0.9475 0.9325 0.105 0.125
0.0 0.4475 0.995 0.085 0.01
