0.0 0.59375 0.2390625 0.06875 0.0578125
0.0 0.5 0.246875 0.03125 0.0625
0.0 0.55625 0.2859375 0.034375 0.078125
0.0 0.44062500000000004 0.2859375 0.0203125 0.04375
0.0 0.4359375 0.290625 0.04375 0.021875
0.0 0.30937499999999996 0.2984375 0.0625 0.040625
0.0 0.34687500000000004 0.29375 0.06875 0.09375
0.0 0.40625 0.3390625 0.059375 0.0359375
0.0 0.459375 0.3390625 0.0390625 0.0390625
0.0 0.4984375 0.346875 0.03125 0.0359375
0.0 0.3265625 0.425 0.05 0.0578125
0.0 0.3984375 0.4234375 0.0296875 0.109375
0.0 0.3890625 0.41875 0.0734375 0.0625
0.0 0.44843750000000004 0.3984375 0.0515625 0.028125
0.0 0.5046875 0.4 0.059375 0.040625
0.0 0.5390625 0.428125 0.01875 0.0234375
0.0 0.5703125 0.384375 0.0203125 0.0390625
0.0 0.6 0.378125 0.028125 0.0484375
0.0 0.628125 0.325 0.0578125 0.0328125
0.0 0.6796875 0.3359375 0.0203125 0.0296875
0.0 0.71875 0.3234375 0.034375 0.034375
0.0 0.721875 0.365625 0.05 0.0421875
0.0 0.634375 0.43125 0.0484375 0.03125
0.0 0.746875 0.45 0.0484375 0.040625
0.0 0.665625 0.4875 0.021875 0.040625
0.0 0.7765625 0.5234375 0.028125 0.0671875
0.0 0.6359375 0.5453125 0.0234375 0.06875
0.0 0.615625 0.475 0.046875 0.040625
0.0 0.6109375 0.4796875 0.059375 0.04375
0.0 0.5625 0.4921875 0.0171875 0.0265625
0.0 0.5203125 0.5046875 0.03125 0.0265625
0.0 0.565625 0.5328125 0.0578125 0.05625
0.0 0.478125 0.4953125 0.046875 0.06875
0.0 0.44218749999999996 0.51875 0.01875 0.0203125
0.0 0.3578125 0.5140625 0.015625 0.025
0.0 0.30625 0.496875 0.028125 0.0296875
0.0 0.33281249999999996 0.5296875 0.0328125 0.025
0.0 0.259375 0.584375 0.084375 0.04375
0.0 0.35624999999999996 0.6046875 0.0296875 0.0859375
0.0 0.40937500000000004 0.6421875 0.078125 0.0421875
0.0 0.546875 0.6109375 0.0390625 0.075
0.0 0.578125 0.6734375 0.0546875 0.021875
0.0 0.7046875 0.621875 0.071875 0.05625
0.0 0.571875 0.7578125 0.09375 0.025
0.0 0.490625 0.7421875 0.1109375 0.0859375
0.0 0.3671875 0.7421875 0.0515625 0.0421875
