0.0 0.5828125 0.2703125 0.0484375 0.0359375
0.0 0.553125 0.290625 0.059375 0.0265625
0.0 0.5265625 0.3203125 0.0703125 0.0375
0.0 0.621875 0.321875 0.0265625 0.0140625
0.0 0.475 0.328125 0.01875 0.0640625
0.0 0.5953125 0.33125 0.0234375 0.0234375
0.0 0.509375 0.3421875 0.0171875 0.0203125
0.0 0.6484375 0.34375 0.0671875 0.0171875
0.0 0.63125 0.3640625 0.03125 0.0140625
0.0 0.534375 0.365625 0.0375 0.021875
0.0 0.55625 0.3703125 0.0453125 0.08125
0.0 0.8109375 0.3828125 0.0375 0.0453125
0.0 0.5828125 0.3859375 0.0359375 0.065625
0.0 0.503125 0.3875 0.0640625 0.0359375
0.0 0.728125 0.3890625 0.05625 0.034375
0.0 0.7171875 0.3921875 0.03125 0.0421875
0.0 0.66875 0.3953125 0.028125 0.034375
0.0 0.634375 0.415625 0.040625 0.078125
0.0 0.51875 0.4265625 0.0234375 0.04375
0.0 0.6015625 0.440625 0.046875 0.03125
0.0 0.6875 0.4421875 0.028125 0.0640625
0.0 0.48124999999999996 0.4421875 0.040625 0.046875
0.0 0.7453125 0.4625 0.053125 0.040625
0.0 0.603125 0.4625 0.0296875 0.0171875
0.0 0.65 0.465625 0.0515625 0.0875
0.0 0.63125 0.46875 0.021875 0.021875
0.0 0.5453125 0.4734375 0.0609375 0.0875
0.0 0.671875 0.5109375 0.0203125 0.0796875
0.0 0.709375 0.51875 0.053125 0.0375
0.0 0.6390625 0.5203125 0.021875 0.01875
0.0 0.74375 0.521875 0.021875 0.0390625
0.0 0.5421875 0.5390625 0.040625 0.05625
0.0 0.73125 0.5546875 0.0421875 0.0421875
0.0 0.7375 0.56875 0.0375 0.03125
0.0 0.5828125 0.571875 0.021875 0.0609375
0.0 0.7140625 0.5921875 0.0390625 0.0203125
0.0 0.590625 0.59375 0.05 0.0578125
0.0 0.6328125 0.6 0.0359375 0.075
0.0 0.5390625 0.6015625 0.034375 0.08125
0.0 0.515625 0.60625 0.0328125 0.078125
0.0 0.653125 0.615625 0.053125 0.084375
0.0 0.3765625 0.634375 0.115625 0.03125
0.0 0.709375 0.6359375 0.028125 0.034375
0.0 0.6625 0.6453125 0.0796875 0.065625
0.0 0.3109375 0.65625 0.028125 0.0203125
0.0 0.590625 0.25 0.0375 0.040625
