0.0 0.6390625 0.2765625 0.0296875 0.040625
0.0 0.5484375 0.3046875 0.0390625 0.01875
0.0 0.6671875 0.3046875 0.06875 0.0578125
0.0 0.575 0.3109375 0.04375 0.0578125
0.0 0.46406250000000004 0.3265625 0.0671875 0.0546875
0.0 0.553125 0.3546875 0.075 0.0234375
0.0 0.6609375 0.359375 0.0265625 0.015625
0.0 0.7140625 0.3796875 0.028125 0.059375
0.0 0.39531249999999996 0.39375 0.065625 0.0375
0.0 0.4609375 0.3984375 0.0546875 0.09375
0.0 0.6 0.403125 0.05625 0.0390625
0.0 0.6765625 0.4171875 0.0890625 0.0765625
0.0 0.5140625 0.425 0.0328125 0.0359375
0.0 0.36875 0.4328125 0.028125 0.0203125
0.0 0.678125 0.453125 0.0421875 0.05
0.0 0.89375 0.4640625 0.0703125 0.0453125
0.0 0.53125 0.4890625 0.1046875 0.0203125
0.0 0.6234375 0.496875 0.0765625 0.0546875
0.0 0.7109375 0.5203125 0.0609375 0.059375
0.0 0.659375 0.5265625 0.034375 0.0375
0.0 0.4765625 0.53125 0.0328125 0.021875
0.0 0.5671875 0.55 0.0234375 0.0203125
0.0 0.8734375 0.553125 0.059375 0.040625
0.0 0.39531249999999996 0.5578125 0.025 0.0390625
0.0 0.68125 0.5625 0.021875 0.01875
0.0 0.528125 0.5671875 0.0171875 0.0203125
0.0 0.47187500000000004 0.578125 0.053125 0.0359375
0.0 0.5703125 0.59375 0.053125 0.0234375
0.0 0.66875 0.6046875 0.053125 0.0265625
0.0 0.73125 0.609375 0.0296875 0.021875
0.0 0.4390625 0.61875 0.040625 0.0203125
0.0 0.36250000000000004 0.61875 0.0296875 0.0265625
0.0 0.6921875 0.6359375 0.0234375 0.0265625
0.0 0.7421875 0.65 0.0328125 0.0546875
0.0 0.43437499999999996 0.6515625 0.021875 0.028125
0.0 0.5765625 0.6515625 0.0234375 0.0328125
0.0 0.628125 0.653125 0.0484375 0.0234375
0.0 0.5390625 0.6640625 0.0328125 0.0546875
0.0 0.7765625 0.671875 0.040625 0.0765625
0.0 0.42656249999999996 0.68125 0.0453125 0.0421875
0.0 0.7078125 0.70625 0.0421875 0.0265625
0.0 0.6 0.7078125 0.0234375 0.028125
0.0 0.675 0.7328125 0.01875 0.034375
0.0 0.65625 0.7671875 0.1078125 0.0234375
0.0 0.5796875 0.225 0.071875 0.0296875
0.0 0.6625 0.2296875 0.0640625 0.03125
