0.0 0.3225 0.135 0.115 0.2
0.0 0.5575 0.135 0.065 0.24
0.0 0.1375 0.205 0.165 0.09
0.0 0.385 0.29 0.31 0.13
0.0 0.18 0.3275 0.23 0.075
0.0 0.5175 0.3975 0.135 0.065
0.0 0.24 0.465 0.24 0.1
0.0 0.0725 0.545 0.145 0.17
0.0 0.5275 0.58 0.095 0.17
0.0 0.185 0.645 0.16 0.09
0.0 0.4925 0.7 0.075 0.08
0.0 0.31 0.7075 0.34 0.215
0.0 0.0475 0.7225 0.075 0.065
0.0 0.795 0.7875 0.05 0.105
0.0 0.5675 0.8175 0.075 0.055
0.0 0.275 0.845 0.07 0.19
0.0 0.6175 0.8925 0.225 0.125
0.0 0.0125 0.9025 0.025 0.125
0.0 0.0575 0.9525 0.115 0.085
0.0 0.22 0.9925 0.18 0.015
0.0 0.6375 0.97 0.135 0.06
