0.0 0.6171875 0.275 0.025 0.03125
0.0 0.44375 0.2859375 0.0421875 0.0703125
0.0 0.55 0.3046875 0.084375 0.0453125
0.0 0.6578125 0.321875 0.0390625 0.04375
0.0 0.7015625 0.33125 0.0390625 0.0609375
0.0 0.490625 0.33125 0.06875 0.0265625
0.0 0.26093750000000004 0.36875 0.0796875 0.025
0.0 0.49375 0.375 0.0296875 0.0203125
0.0 0.6421875 0.3828125 0.0625 0.025
0.0 0.5203125 0.396875 0.0296875 0.0265625
0.0 0.484375 0.4046875 0.021875 0.021875
0.0 0.7703125 0.415625 0.0328125 0.046875
0.0 0.640625 0.4203125 0.01875 0.0328125
0.0 0.4296875 0.428125 0.1203125 0.0421875
0.0 0.68125 0.4359375 0.0609375 0.0328125
0.0 0.37812500000000004 0.440625 0.04375 0.021875
0.0 0.609375 0.446875 0.059375 0.0328125
0.0 0.415625 0.4484375 0.046875 0.0609375
0.0 0.3578125 0.4640625 0.034375 0.0328125
0.0 0.30625 0.48125 0.0453125 0.025
0.0 0.41093749999999996 0.4875 0.0359375 0.021875
0.0 0.6953125 0.4875 0.0640625 0.0375
0.0 0.7859375 0.5015625 0.021875 0.025
0.0 0.26249999999999996 0.5078125 0.0859375 0.021875
0.0 0.4 0.525 0.04375 0.0390625
0.0 0.3671875 0.5296875 0.034375 0.0515625
0.0 0.7515625 0.5328125 0.03125 0.1125
0.0 0.4453125 0.534375 0.0203125 0.028125
0.0 0.7828125 0.540625 0.021875 0.0359375
0.0 0.6421875 0.5484375 0.0390625 0.028125
0.0 0.59375 0.55 0.0671875 0.0546875
0.0 0.4765625 0.55625 0.0296875 0.0296875
0.0 0.31718749999999996 0.559375 0.0234375 0.046875
0.0 0.25468749999999996 0.578125 0.0390625 0.0328125
0.0 0.353125 0.5859375 0.0328125 0.0265625
0.0 0.48124999999999996 0.5859375 0.059375 0.040625
0.0 0.7109375 0.5921875 0.0484375 0.05625
0.0 0.7828125 0.6015625 0.0875 0.046875
0.0 0.54375 0.61875 0.0390625 0.040625
0.0 0.22812500000000002 0.63125 0.0484375 0.0640625
0.0 0.6546875 0.634375 0.0515625 0.04375
0.0 0.5953125 0.6375 0.0609375 0.0921875
0.0 0.2953125 0.6390625 0.06875 0.04375
0.0 0.678125 0.665625 0.1234375 0.04375
0.0 0.36250000000000004 0.6703125 0.0375 0.0453125
0.0 0.44062500000000004 0.6859375 0.071875 0.0296875
0.0 0.5875 0.6984375 0.034375 0.025
