0.0 0.9325 0.1475 0.135 0.205
0.0 0.92 0.245 0.08 0.07
0.0 0.8375 0.3425 0.065 0.085
0.0 0.765 0.0575 0.15 0.115
0.0 0.765 0.2175 0.17 0.155
0.0 0.9725 0.5625 0.055 0.095
0.0 0.96 0.6625 0.05 0.075
0.0 0.8525 0.54 0.075 0.11
0.0 0.5575 0.82 0.255 0.2
0.0 0.3725 0.7675 0.065 0.135
0.0 0.2725 0.77 0.135 0.18
0.0 0.7675 0.97 0.105 0.06
0.0 0.0075 0.405 0.015 0.07
0.0 0.1675 0.425 0.165 0.13
0.0 0.2325 0.1575 0.135 0.125
0.0 0.4475 0.1675 0.185 0.115
0.0 0.365 0.0775 0.11 0.065
0.0 0.2825 0.02 0.135 0.04
