0.0 0.885 0.0475 0.11 0.095
0.0 0.32 0.01 0.08 0.02
0.0 0.5025 0.0475 0.335 0.095
0.0 0.7625 0.0175 0.075 0.035
0.0 0.0225 0.0675 0.045 0.105
0.0 0.245 0.0975 0.08 0.055
0.0 0.54 0.125 0.07 0.19
0.0 0.9725 0.1375 0.055 0.085
0.0 0.195 0.1725 0.22 0.125
0.0 0.82 0.1825 0.06 0.125
0.0 0.915 0.1875 0.09 0.105
0.0 0.7525 0.2325 0.115 0.085
0.0 0.9775 0.2725 0.045 0.115
0.0 0.595 0.3 0.18 0.07
0.0 0.1725 0.3025 0.135 0.165
0.0 0.3475 0.33 0.145 0.07
0.0 0.6675 0.3975 0.105 0.095
0.0 0.4575 0.4525 0.185 0.055
