0.0 0.015 0.0 0.03 0.0
0.0 0.2775 0.0475 0.065 0.095
0.0 0.2475 0.2075 0.055 0.095
0.0 0.2375 0.1475 0.115 0.095
0.0 0.3475 0.31 0.135 0.16
0.0 0.1925 0.28 0.055 0.08
0.0 0.1 0.2425 0.06 0.085
0.0 0.2475 0.45 0.185 0.1
0.0 0.4575 0.3875 0.165 0.175
0.0 0.6025 0.54 0.065 0.15
0.0 0.345 0.6325 0.17 0.225
0.0 0.185 0.54 0.09 0.07
0.0 0.1075 0.585 0.175 0.3
0.0 0.3275 0.935 0.105 0.1
0.0 0.095 0.9225 0.19 0.065
0.0 0.1525 0.84 0.215 0.26
0.0 0.0775 0.97 0.155 0.06
0.0 0.015 0.76 0.03 0.07
0.0 0.0125 0.58 0.025 0.26
