0.0 0.51875 0.1875 0.0171875 0.0265625
0.0 0.4765625 0.2390625 0.028125 0.0546875
0.0 0.44843750000000004 0.25 0.0171875 0.0625
0.0 0.44062500000000004 0.2671875 0.0953125 0.0578125
0.0 0.5546875 0.240625 0.065625 0.0328125
0.0 0.559375 0.271875 0.034375 0.0265625
0.0 0.7109375 0.3 0.06875 0.0390625
0.0 0.70625 0.3453125 0.0328125 0.0203125
0.0 0.6546875 0.3984375 0.0171875 0.025
0.0 0.5625 0.396875 0.0203125 0.0609375
0.0 0.5890625 0.421875 0.046875 0.0640625
0.0 0.528125 0.41875 0.01875 0.03125
0.0 0.484375 0.3890625 0.01875 0.0296875
0.0 0.553125 0.4375 0.0265625 0.0578125
0.0 0.5546875 0.4734375 0.05625 0.0171875
0.0 0.596875 0.4890625 0.0171875 0.0484375
0.0 0.3609375 0.36875 0.0421875 0.0484375
0.0 0.3515625 0.365625 0.0484375 0.0640625
0.0 0.36250000000000004 0.409375 0.0375 0.04375
0.0 0.4203125 0.40625 0.065625 0.0828125
0.0 0.3203125 0.453125 0.03125 0.0578125
0.0 0.3453125 0.45 0.03125 0.05
0.0 0.4046875 0.4625 0.0484375 0.0609375
0.0 0.4359375 0.496875 0.0671875 0.05
0.0 0.3984375 0.5484375 0.059375 0.0484375
0.0 0.43281250000000004 0.5765625 0.021875 0.071875
0.0 0.4765625 0.5421875 0.0453125 0.0171875
0.0 0.2953125 0.5875 0.0578125 0.01875
0.0 0.303125 0.6625 0.015625 0.034375
0.0 0.35468750000000004 0.6421875 0.0953125 0.0515625
0.0 0.384375 0.7015625 0.025 0.0515625
0.0 0.47343749999999996 0.6125 0.05 0.028125
0.0 0.528125 0.646875 0.0296875 0.0203125
0.0 0.50625 0.615625 0.021875 0.0203125
0.0 0.4859375 0.6578125 0.09375 0.040625
0.0 0.634375 0.678125 0.03125 0.0359375
0.0 0.7484375 0.6359375 0.0640625 0.0234375
0.0 0.6421875 0.5984375 0.0203125 0.01875
0.0 0.8109375 0.61875 0.046875 0.040625
0.0 0.7375 0.5671875 0.0359375 0.01875
0.0 0.671875 0.5625 0.0609375 0.028125
0.0 0.7203125 0.521875 0.0265625 0.046875
0.0 0.7671875 0.453125 0.0421875 0.0578125
