0.0 0.7575 0.0925 0.085 0.185
0.0 0.6175 0.12 0.235 0.1
0.0 0.7125 0.0125 0.075 0.025
0.0 0.6325 0.01 0.085 0.02
0.0 0.4675 0.065 0.125 0.09
0.0 0.5225 0.03 0.135 0.06
0.0 0.34 0.08 0.19 0.16
0.0 0.1425 0.0225 0.095 0.045
0.0 0.32 0.2575 0.07 0.185
0.0 0.0675 0.1225 0.105 0.095
0.0 0.02 0.2525 0.04 0.345
0.0 0.1225 0.555 0.165 0.18
0.0 0.2475 0.47 0.125 0.11
0.0 0.4125 0.6575 0.095 0.125
0.0 0.3875 0.5825 0.165 0.135
0.0 0.515 0.4 0.11 0.1
0.0 0.725 0.3175 0.04 0.105
0.0 0.865 0.2225 0.05 0.085
