0.0 0.571875 0.2375 0.028125 0.021875
0.0 0.5890625 0.303125 0.0703125 0.0421875
0.0 0.6734375 0.309375 0.01875 0.028125
0.0 0.6921875 0.2828125 0.0203125 0.0359375
0.0 0.7703125 0.2546875 0.0265625 0.01875
0.0 0.8265625 0.3203125 0.021875 0.028125
0.0 0.6921875 0.3703125 0.0265625 0.0203125
0.0 0.659375 0.3953125 0.0265625 0.01875
0.0 0.55 0.4046875 0.0171875 0.0171875
0.0 0.49375 0.41875 0.0390625 0.04375
0.0 0.5578125 0.428125 0.03125 0.0265625
0.0 0.55 0.4546875 0.01875 0.0171875
0.0 0.5796875 0.4890625 0.01875 0.0171875
0.0 0.40625 0.45625 0.028125 0.040625
0.0 0.38125 0.5015625 0.015625 0.0234375
0.0 0.45781249999999996 0.509375 0.0390625 0.025
0.0 0.528125 0.51875 0.0203125 0.015625
0.0 0.5828125 0.51875 0.0296875 0.0234375
0.0 0.5734375 0.5453125 0.025 0.03125
0.0 0.6015625 0.5625 0.0375 0.046875
0.0 0.42500000000000004 0.6 0.046875 0.0359375
0.0 0.5046875 0.6265625 0.0265625 0.0265625
0.0 0.46406250000000004 0.6390625 0.03125 0.0359375
0.0 0.40156250000000004 0.6640625 0.0703125 0.0234375
0.0 0.36406249999999996 0.69375 0.040625 0.021875
0.0 0.3109375 0.746875 0.03125 0.0390625
0.0 0.34375 0.7359375 0.028125 0.034375
0.0 0.3765625 0.734375 0.0359375 0.0484375
0.0 0.42656249999999996 0.725 0.021875 0.0578125
0.0 0.5234375 0.784375 0.0390625 0.0359375
0.0 0.5203125 0.74375 0.0515625 0.03125
0.0 0.5578125 0.7578125 0.034375 0.0765625
0.0 0.5109375 0.8125 0.01875 0.0140625
0.0 0.7078125 0.8 0.03125 0.046875
0.0 0.753125 0.634375 0.01875 0.04375
0.0 0.5171875 0.6640625 0.0328125 0.025
0.0 0.6359375 0.596875 0.0296875 0.040625
0.0 0.6875 0.5296875 0.015625 0.0203125
0.0 0.6875 0.5078125 0.021875 0.01875
0.0 0.78125 0.50625 0.046875 0.0546875
0.0 0.7515625 0.446875 0.0640625 0.05
0.0 0.7984375 0.45 0.0390625 0.0546875
0.0 0.8328125 0.703125 0.0390625 0.0421875
