0.0 0.955 0.05 0.09 0.1
0.0 0.89 0.035 0.06 0.07
0.0 0.685 0.04 0.12 0.08
0.0 0.5725 0.1025 0.165 0.125
0.0 0.4125 0.1725 0.095 0.115
0.0 0.71 0.2625 0.06 0.075
0.0 0.2625 0.4025 0.105 0.095
0.0 0.79 0.4425 0.08 0.085
0.0 0.355 0.5125 0.2 0.095
0.0 0.93 0.525 0.14 0.15
0.0 0.8375 0.55 0.185 0.15
0.0 0.6175 0.6075 0.075 0.335
0.0 0.8975 0.625 0.055 0.09
0.0 0.5525 0.635 0.065 0.16
0.0 0.9825 0.6525 0.035 0.065
0.0 0.8725 0.7425 0.145 0.115
0.0 0.9575 0.8175 0.075 0.075
0.0 0.395 0.8275 0.08 0.135
0.0 0.52 0.855 0.07 0.15
0.0 0.9975 0.86 0.005 0.16
0.0 0.9525 0.93 0.065 0.1
0.0 0.9975 1.0 0.005 0.0
