0.0 0.95 0.0875 0.08 0.175
0.0 1.0 0.0625 0.0 0.125
0.0 0.7225 0.215 0.095 0.1
0.0 0.515 0.0875 0.1 0.095
0.0 0.4125 0.22 0.155 0.06
0.0 0.18 0.2075 0.23 0.135
0.0 0.495 0.415 0.13 0.16
0.0 0.7075 0.3975 0.205 0.135
0.0 0.825 0.34 0.13 0.07
0.0 0.96 0.455 0.07 0.07
0.0 0.94 0.9725 0.12 0.055
0.0 0.9425 0.875 0.115 0.25
0.0 0.8025 0.68 0.155 0.24
0.0 0.9125 0.5525 0.075 0.075
0.0 0.71 0.535 0.3 0.14
0.0 0.5075 0.7225 0.065 0.295
0.0 0.6425 0.8275 0.165 0.125
0.0 0.2625 0.82 0.175 0.07
0.0 0.315 0.7525 0.14 0.065
0.0 0.3575 0.6375 0.115 0.075
0.0 0.3275 0.5475 0.175 0.075
0.0 0.1 0.5525 0.05 0.195
0.0 0.03 0.725 0.06 0.1
