0.0 0.5375 0.2953125 0.0609375 0.0328125
0.0 0.55 0.3234375 0.084375 0.01875
0.0 0.5390625 0.3578125 0.1046875 0.0375
0.0 0.478125 0.4171875 0.04375 0.04375
0.0 0.415625 0.4375 0.071875 0.046875
0.0 0.50625 0.4546875 0.0515625 0.04375
0.0 0.41718750000000004 0.5 0.0265625 0.040625
0.0 0.38749999999999996 0.5171875 0.0171875 0.0296875
0.0 0.4125 0.54375 0.059375 0.0234375
0.0 0.54375 0.5015625 0.0234375 0.01875
0.0 0.5484375 0.48125 0.0328125 0.028125
0.0 0.5640625 0.4375 0.0203125 0.0203125
0.0 0.559375 0.5515625 0.0484375 0.0375
0.0 0.5015625 0.584375 0.028125 0.0171875
0.0 0.5125 0.5828125 0.0484375 0.0546875
0.0 0.5109375 0.6140625 0.0625 0.0453125
0.0 0.48906249999999996 0.6484375 0.0265625 0.0234375
0.0 0.4359375 0.659375 0.0421875 0.0671875
0.0 0.40937500000000004 0.64375 0.0453125 0.0484375
0.0 0.35624999999999996 0.6421875 0.01875 0.03125
0.0 0.5015625 0.6890625 0.0203125 0.0234375
0.0 0.4828125 0.7296875 0.0578125 0.059375
0.0 0.528125 0.7640625 0.05 0.021875
0.0 0.5609375 0.7203125 0.0359375 0.0171875
0.0 0.5421875 0.6828125 0.0203125 0.01875
0.0 0.584375 0.6609375 0.028125 0.025
0.0 0.6 0.7328125 0.0265625 0.03125
0.0 0.6375 0.675 0.059375 0.0796875
0.0 0.6078125 0.6265625 0.0125 0.0234375
0.0 0.6390625 0.6234375 0.0296875 0.0265625
0.0 0.6625 0.615625 0.0203125 0.03125
0.0 0.6984375 0.6296875 0.0546875 0.040625
0.0 0.725 0.6765625 0.0203125 0.0375
0.0 0.66875 0.7203125 0.0171875 0.0328125
0.0 0.7546875 0.6625 0.0296875 0.0375
0.0 0.6109375 0.5203125 0.025 0.03125
0.0 0.640625 0.528125 0.0265625 0.0484375
0.0 0.7078125 0.553125 0.0265625 0.028125
0.0 0.753125 0.490625 0.0390625 0.090625
0.0 0.70625 0.478125 0.0171875 0.05625
0.0 0.6484375 0.459375 0.040625 0.025
0.0 0.6515625 0.4140625 0.059375 0.0296875
0.0 0.6828125 0.375 0.0390625 0.0390625
0.0 0.6390625 0.346875 0.01875 0.0203125
0.0 0.6734375 0.3421875 0.046875 0.0328125
0.0 0.71875 0.3296875 0.03125 0.0328125
