0.0 0.5875 0.0 0.215 0.0
0.0 0.5875 0.0325 0.215 0.065
0.0 0.9075 0.05 0.185 0.1
0.0 0.985 0.2 0.03 0.09
0.0 0.27 0.235 0.11 0.17
0.0 0.1625 0.24 0.085 0.13
0.0 0.865 0.2425 0.27 0.205
0.0 0.6425 0.41 0.175 0.16
0.0 0.3975 0.41 0.175 0.11
0.0 0.8575 0.4675 0.095 0.075
0.0 0.47 0.4925 0.06 0.135
0.0 0.8375 0.6075 0.085 0.125
0.0 0.5975 0.7025 0.235 0.255
0.0 0.5575 0.7525 0.155 0.165
0.0 0.885 0.8525 0.1 0.215
0.0 0.9575 0.8875 0.085 0.225
0.0 0.3475 0.895 0.135 0.18
0.0 0.255 0.9275 0.05 0.095
0.0 0.1675 0.92 0.095 0.16
0.0 0.66 0.965 0.1 0.07
