0.0 0.14375 0.3578125 0.0671875 0.0375
0.0 0.2421875 0.3609375 0.0671875 0.040625
0.0 0.109375 0.4171875 0.1015625 0.0703125
0.0 0.1078125 0.45625 0.025 0.0515625
0.0 0.1625 0.446875 0.0828125 0.140625
0.0 0.275 0.54375 0.071875 0.0578125
0.0 0.203125 0.640625 0.0234375 0.04375
0.0 0.225 0.690625 0.0609375 0.075
0.0 0.1609375 0.6828125 0.04375 0.0671875
0.0 0.1140625 0.6828125 0.0859375 0.128125
0.0 0.0890625 0.578125 0.0390625 0.028125
0.0 0.2921875 0.3109375 0.078125 0.0609375
0.0 0.3578125 0.371875 0.1515625 0.096875
0.0 0.4609375 0.4046875 0.1078125 0.0515625
0.0 0.4328125 0.46875 0.0359375 0.0890625
0.0 0.5265625 0.509375 0.0796875 0.028125
0.0 0.5078125 0.63125 0.0671875 0.0296875
0.0 0.55625 0.69375 0.0765625 0.0578125
0.0 0.509375 0.7125 0.08125 0.0734375
0.0 0.459375 0.7703125 0.0609375 0.025
0.0 0.65 0.7109375 0.040625 0.090625
0.0 0.6375 0.803125 0.06875 0.05
0.0 0.715625 0.815625 0.025 0.025
0.0 0.7953125 0.8109375 0.04375 0.021875
0.0 0.89375 0.8234375 0.0359375 0.015625
0.0 0.7796875 0.6734375 0.03125 0.053125
0.0 0.8828125 0.6796875 0.04375 0.0234375
0.0 0.7078125 0.5890625 0.0640625 0.0734375
