0.0 0.30000000000000004 0.29375 0.0484375 0.01875
0.0 0.31562500000000004 0.3171875 0.09375 0.03125
0.0 0.453125 0.325 0.05 0.028125
0.0 0.07656249999999998 0.3421875 0.03125 0.025
0.0 0.51875 0.3515625 0.04375 0.046875
0.0 0.17343750000000002 0.4078125 0.0703125 0.0390625
0.0 0.69375 0.41875 0.021875 0.040625
0.0 0.7625 0.4296875 0.0546875 0.0546875
0.0 0.9359375 0.440625 0.0296875 0.034375
0.0 0.22343749999999996 0.4421875 0.040625 0.0234375
0.0 0.109375 0.4484375 0.0578125 0.053125
0.0 0.14375000000000004 0.4515625 0.0265625 0.01875
0.0 0.24375000000000002 0.465625 0.025 0.0203125
0.0 0.2875 0.471875 0.021875 0.0375
0.0 0.2671875 0.4859375 0.0203125 0.01875
0.0 0.15625 0.50625 0.059375 0.0265625
0.0 0.08750000000000002 0.5421875 0.0328125 0.0234375
0.0 0.06406250000000002 0.578125 0.0453125 0.0296875
0.0 0.37968749999999996 0.5828125 0.028125 0.03125
0.0 0.14375000000000004 0.6046875 0.0390625 0.0375
0.0 0.09062499999999996 0.61875 0.0484375 0.0390625
0.0 0.4203125 0.65625 0.021875 0.0390625
0.0 0.13437500000000002 0.65625 0.0171875 0.0296875
0.0 0.4765625 0.65625 0.0203125 0.040625
0.0 0.3296875 0.6765625 0.059375 0.04375
0.0 0.3375 0.6796875 0.021875 0.0921875
0.0 0.18437499999999996 0.7234375 0.06875 0.0234375
0.0 0.40937500000000004 0.7328125 0.0453125 0.0359375
0.0 0.11093750000000002 0.778125 0.025 0.021875
0.0 0.21250000000000002 0.815625 0.0203125 0.0203125
