0.0 0.703125 0.3 0.065625 0.0640625
0.0 0.615625 0.3046875 0.0421875 0.0375
0.0 0.565625 0.3109375 0.0203125 0.0234375
0.0 0.55 0.2828125 0.0296875 0.0234375
0.0 0.690625 0.3953125 0.0359375 0.028125
0.0 0.6078125 0.375 0.0171875 0.0203125
0.0 0.5890625 0.3890625 0.0171875 0.0203125
0.0 0.5765625 0.4296875 0.0625 0.01875
0.0 0.5453125 0.4046875 0.0203125 0.0203125
0.0 0.621875 0.475 0.021875 0.021875
0.0 0.6609375 0.5 0.0390625 0.021875
0.0 0.753125 0.5078125 0.0171875 0.0265625
0.0 0.69375 0.546875 0.0578125 0.0609375
0.0 0.5296875 0.5078125 0.015625 0.05
0.0 0.49375 0.4984375 0.0359375 0.046875
0.0 0.459375 0.4828125 0.01875 0.0359375
0.0 0.4484375 0.5578125 0.04375 0.040625
0.0 0.4109375 0.525 0.015625 0.025
0.0 0.3859375 0.5375 0.05 0.0859375
0.0 0.384375 0.45 0.01875 0.0390625
0.0 0.4390625 0.421875 0.01875 0.0484375
0.0 0.4734375 0.41875 0.01875 0.0359375
0.0 0.5109375 0.4140625 0.0296875 0.046875
0.0 0.2421875 0.678125 0.090625 0.021875
0.0 0.315625 0.7046875 0.04375 0.03125
0.0 0.3359375 0.6703125 0.046875 0.028125
0.0 0.33125 0.628125 0.0328125 0.0265625
0.0 0.296875 0.628125 0.021875 0.0578125
0.0 0.2671875 0.5984375 0.0171875 0.05
0.0 0.2734375 0.54375 0.04375 0.0390625
0.0 0.334375 0.571875 0.059375 0.04375
0.0 0.3296875 0.50625 0.034375 0.0609375
0.0 0.296875 0.38125 0.0265625 0.01875
0.0 0.4078125 0.3640625 0.0609375 0.0390625
0.0 0.4546875 0.375 0.0171875 0.0265625
0.0 0.3484375 0.3 0.025 0.0640625
0.0 0.3859375 0.325 0.053125 0.0484375
0.0 0.428125 0.3203125 0.0265625 0.03125
0.0 0.4625 0.334375 0.021875 0.03125
0.0 0.415625 0.2703125 0.034375 0.053125
0.0 0.4859375 0.3390625 0.0171875 0.025
0.0 0.525 0.35 0.028125 0.025
0.0 0.5015625 0.3140625 0.0453125 0.0390625
0.0 0.50625 0.275 0.059375 0.03125
0.0 0.5234375 0.690625 0.0203125 0.0421875
