0.0 0.390625 0.25625 0.1125 0.1390625
0.0 0.5203125 0.2671875 0.071875 0.05625
0.0 0.765625 0.284375 0.115625 0.10625
0.0 0.55625 0.3328125 0.053125 0.0390625
0.0 0.6765625 0.3328125 0.0390625 0.034375
0.0 0.615625 0.3515625 0.0484375 0.1296875
0.0 0.6421875 0.371875 0.0234375 0.096875
0.0 0.3203125 0.3796875 0.028125 0.04375
0.0 0.7890625 0.396875 0.0828125 0.06875
0.0 0.6796875 0.396875 0.0234375 0.05
0.0 0.7203125 0.4015625 0.0265625 0.0640625
0.0 0.3671875 0.421875 0.065625 0.040625
0.0 0.771875 0.4453125 0.0765625 0.1578125
0.0 0.6875 0.4546875 0.04375 0.0359375
0.0 0.428125 0.4671875 0.06875 0.084375
0.0 0.765625 0.4671875 0.0328125 0.0453125
0.0 0.3953125 0.4703125 0.0296875 0.040625
0.0 0.55625 0.475 0.0359375 0.1
0.0 0.28125 0.48125 0.0828125 0.1125
0.0 0.7109375 0.4890625 0.0421875 0.0625
0.0 0.6640625 0.4984375 0.04375 0.04375
0.0 0.8640625 0.5046875 0.0703125 0.1234375
0.0 0.35 0.51875 0.040625 0.053125
0.0 0.765625 0.5265625 0.0421875 0.0671875
0.0 0.6 0.5328125 0.0859375 0.0359375
0.0 0.4875 0.54375 0.0421875 0.0578125
0.0 0.43125 0.571875 0.040625 0.0640625
0.0 0.6359375 0.590625 0.046875 0.0921875
0.0 0.3953125 0.59375 0.05625 0.1125
0.0 0.578125 0.6265625 0.1078125 0.0953125
0.0 0.80625 0.6265625 0.078125 0.078125
0.0 0.21875 0.6296875 0.09375 0.0765625
0.0 0.690625 0.6359375 0.0484375 0.040625
0.0 0.5640625 0.6421875 0.040625 0.0953125
0.0 0.278125 0.646875 0.0828125 0.0609375
0.0 0.4515625 0.65625 0.059375 0.0859375
0.0 0.8 0.6640625 0.05 0.065625
0.0 0.7515625 0.6640625 0.0328125 0.06875
0.0 0.3046875 0.7125 0.071875 0.065625
0.0 0.409375 0.7203125 0.0359375 0.0796875
0.0 0.6890625 0.75625 0.040625 0.06875
0.0 0.596875 0.765625 0.0765625 0.0640625
0.0 0.5796875 0.2140625 0.021875 0.04375
0.0 0.628125 0.21875 0.0546875 0.046875
0.0 0.4140625 0.2515625 0.0515625 0.025
