0.0 0.3734375 0.265625 0.0421875 0.021875
0.0 0.3828125 0.246875 0.034375 0.0796875
0.0 0.453125 0.234375 0.028125 0.028125
0.0 0.44843750000000004 0.2671875 0.0953125 0.0796875
0.0 0.5375 0.2796875 0.021875 0.021875
0.0 0.5765625 0.2484375 0.021875 0.015625
0.0 0.571875 0.221875 0.0765625 0.0375
0.0 0.540625 0.2640625 0.08125 0.0546875
0.0 0.590625 0.265625 0.0234375 0.015625
0.0 0.6625 0.240625 0.046875 0.0453125
0.0 0.634375 0.259375 0.05625 0.0515625
0.0 0.728125 0.3546875 0.0390625 0.0453125
0.0 0.8015625 0.43125 0.0265625 0.034375
0.0 0.7359375 0.4375 0.0625 0.0296875
0.0 0.8046875 0.4625 0.0453125 0.0515625
0.0 0.7859375 0.4953125 0.034375 0.0296875
0.0 0.7828125 0.5359375 0.046875 0.0296875
0.0 0.70625 0.525 0.0609375 0.0421875
0.0 0.7140625 0.515625 0.034375 0.0578125
0.0 0.7265625 0.5046875 0.0625 0.05625
0.0 0.790625 0.5875 0.0203125 0.059375
0.0 0.7515625 0.5796875 0.053125 0.025
0.0 0.70625 0.6 0.0390625 0.0296875
0.0 0.6734375 0.5515625 0.0171875 0.04375
0.0 0.64375 0.58125 0.0359375 0.03125
0.0 0.6609375 0.6 0.0203125 0.0375
0.0 0.6609375 0.634375 0.0703125 0.0578125
0.0 0.7375 0.68125 0.0421875 0.0671875
0.0 0.59375 0.6578125 0.028125 0.0765625
0.0 0.5484375 0.665625 0.025 0.04375
0.0 0.5390625 0.7234375 0.021875 0.021875
0.0 0.51875 0.721875 0.04375 0.0890625
0.0 0.5578125 0.728125 0.0390625 0.103125
0.0 0.5875 0.7265625 0.0703125 0.0296875
0.0 0.58125 0.765625 0.0484375 0.0453125
0.0 0.6015625 0.778125 0.065625 0.0953125
0.0 0.5296875 0.4578125 0.0234375 0.05625
0.0 0.4859375 0.521875 0.01875 0.0296875
0.0 0.4671875 0.5421875 0.0265625 0.0375
0.0 0.446875 0.50625 0.0609375 0.028125
0.0 0.4390625 0.5125 0.028125 0.0921875
0.0 0.37187499999999996 0.54375 0.0359375 0.053125
0.0 0.3890625 0.6015625 0.021875 0.0609375
0.0 0.4203125 0.5875 0.0359375 0.0609375
0.0 0.4515625 0.5828125 0.046875 0.05
