0.0 0.5525 0.0375 0.245 0.075
0.0 0.2825 0.0925 0.105 0.185
0.0 0.505 0.255 0.06 0.12
0.0 0.735 0.1725 0.17 0.085
0.0 0.1225 0.1725 0.185 0.175
0.0 0.285 0.2625 0.1 0.085
0.0 0.3175 0.385 0.065 0.06
0.0 0.1175 0.36 0.125 0.06
0.0 0.44 0.5125 0.05 0.085
0.0 0.5025 0.5525 0.065 0.105
0.0 0.5425 0.4575 0.125 0.095
0.0 0.905 0.305 0.15 0.13
0.0 0.8875 0.4775 0.155 0.175
0.0 0.99 0.3975 0.02 0.165
0.0 0.915 0.94 0.17 0.11
0.0 0.725 0.9625 0.15 0.075
0.0 0.4825 0.9925 0.125 0.015
0.0 0.4325 0.9075 0.055 0.085
0.0 0.48 0.845 0.08 0.07
0.0 0.4675 0.7275 0.085 0.075
0.0 0.28 0.6375 0.1 0.175
0.0 0.15 0.7675 0.11 0.085
0.0 0.15 0.8725 0.06 0.065
0.0 0.0925 0.5225 0.185 0.085
