0.0 0.5703125 0.2859375 0.046875 0.046875
0.0 0.540625 0.3296875 0.0234375 0.0421875
0.0 0.515625 0.3390625 0.021875 0.0640625
0.0 0.30625 0.35 0.0140625 0.01875
0.0 0.6859375 0.35625 0.046875 0.028125
0.0 0.5890625 0.3578125 0.021875 0.0828125
0.0 0.359375 0.3578125 0.05625 0.06875
0.0 0.49375 0.359375 0.01875 0.034375
0.0 0.95 0.3640625 0.0203125 0.0640625
0.0 0.6125 0.3703125 0.034375 0.040625
0.0 0.33125000000000004 0.3796875 0.0125 0.0296875
0.0 0.546875 0.39375 0.0265625 0.09375
0.0 0.74375 0.403125 0.0234375 0.034375
0.0 0.61875 0.4171875 0.025 0.03125
0.0 0.659375 0.4390625 0.015625 0.0171875
0.0 0.5703125 0.446875 0.0328125 0.040625
0.0 0.7015625 0.4828125 0.0484375 0.0453125
0.0 0.4703125 0.4828125 0.0296875 0.0421875
0.0 0.640625 0.4921875 0.021875 0.034375
0.0 0.5609375 0.5015625 0.0296875 0.04375
0.0 0.46875 0.540625 0.0265625 0.028125
0.0 0.8484375 0.5484375 0.0234375 0.053125
0.0 0.4546875 0.5734375 0.04375 0.03125
0.0 0.715625 0.5765625 0.0453125 0.0234375
0.0 0.778125 0.5890625 0.0453125 0.0203125
0.0 0.690625 0.640625 0.0328125 0.0390625
0.0 0.7484375 0.646875 0.028125 0.021875
0.0 0.5234375 0.6484375 0.0265625 0.021875
0.0 0.4859375 0.18125 0.028125 0.0171875
0.0 0.684375 0.6859375 0.059375 0.0265625
0.0 0.7796875 0.7125 0.03125 0.01875
0.0 0.7703125 0.7421875 0.028125 0.0171875
0.0 0.653125 0.7578125 0.0390625 0.034375
0.0 0.8578125 0.765625 0.0765625 0.0328125
0.0 0.8015625 0.19375 0.0484375 0.0390625
0.0 0.8609375 0.225 0.034375 0.0234375
0.0 0.44218749999999996 0.2421875 0.0171875 0.0171875
0.0 0.7765625 0.2421875 0.05 0.046875
0.0 0.84375 0.2484375 0.065625 0.0359375
