0.0 0.646875 0.2578125 0.06875 0.065625
0.0 0.4765625 0.2234375 0.0734375 0.0765625
0.0 0.3828125 0.2484375 0.084375 0.0265625
0.0 0.428125 0.303125 0.0296875 0.01875
0.0 0.525 0.3109375 0.06875 0.0421875
0.0 0.325 0.3796875 0.05625 0.0515625
0.0 0.353125 0.3375 0.0421875 0.0890625
0.0 0.3546875 0.4015625 0.08125 0.0421875
0.0 0.28125 0.4390625 0.0765625 0.075
0.0 0.3578125 0.446875 0.03125 0.025
0.0 0.36875 0.54375 0.0203125 0.028125
0.0 0.3390625 0.54375 0.0203125 0.0296875
0.0 0.3515625 0.5703125 0.0390625 0.0203125
0.0 0.328125 0.6140625 0.059375 0.0671875
0.0 0.26875 0.6234375 0.0234375 0.0296875
0.0 0.24375 0.6109375 0.0234375 0.0328125
0.0 0.2078125 0.690625 0.03125 0.05
0.0 0.2140625 0.684375 0.059375 0.0921875
0.0 0.275 0.7015625 0.0234375 0.0390625
0.0 0.3296875 0.728125 0.05 0.05
0.0 0.384375 0.790625 0.0265625 0.0328125
0.0 0.371875 0.7578125 0.0390625 0.0296875
0.0 0.40625 0.653125 0.040625 0.03125
0.0 0.3796875 0.6984375 0.05 0.075
0.0 0.4640625 0.6421875 0.0375 0.0203125
0.0 0.496875 0.6734375 0.04375 0.0375
0.0 0.5375 0.7171875 0.046875 0.0640625
0.0 0.515625 0.775 0.046875 0.0828125
0.0 0.6984375 0.746875 0.0453125 0.04375
0.0 0.6671875 0.70625 0.0296875 0.0453125
0.0 0.7171875 0.684375 0.0453125 0.040625
0.0 0.759375 0.6140625 0.0375 0.0640625
0.0 0.603125 0.59375 0.03125 0.0796875
0.0 0.6484375 0.584375 0.04375 0.028125
0.0 0.75625 0.5578125 0.0265625 0.0234375
0.0 0.7265625 0.51875 0.025 0.0578125
0.0 0.6515625 0.4796875 0.0640625 0.0234375
0.0 0.575 0.4984375 0.028125 0.0484375
0.0 0.54375 0.5109375 0.025 0.06875
0.0 0.671875 0.428125 0.05625 0.0296875
0.0 0.5140625 0.45 0.05625 0.028125
0.0 0.5078125 0.396875 0.0296875 0.05
0.0 0.5265625 0.428125 0.0390625 0.015625
0.0 0.5546875 0.3984375 0.0578125 0.034375
0.0 0.7796875 0.34375 0.0546875 0.0265625
