0.0 0.52 0.3775 0.1 0.165
0.0 0.6925 0.4225 0.075 0.165
0.0 0.6175 0.565 0.115 0.09
0.0 0.355 0.505 0.09 0.05
0.0 0.4975 0.655 0.245 0.07
0.0 0.42 0.735 0.07 0.05
0.0 0.2725 0.7825 0.115 0.155
0.0 0.095 0.725 0.18 0.18
0.0 0.0375 0.5775 0.075 0.155
0.0 0.015 0.9425 0.03 0.115
0.0 0.1025 0.935 0.135 0.13
0.0 0.2325 0.965 0.155 0.07
0.0 0.53 0.995 0.19 0.01
0.0 0.5475 0.8925 0.135 0.185
0.0 0.6925 0.73 0.135 0.1
0.0 0.8225 0.7125 0.075 0.065
0.0 0.9475 0.7925 0.065 0.075
0.0 0.8375 0.835 0.225 0.27
0.0 0.9125 0.9575 0.125 0.085
0.0 0.99 0.99 0.02 0.02
