0.0 0.41874999999999996 0.2578125 0.0296875 0.01875
0.0 0.4515625 0.2859375 0.0578125 0.03125
0.0 0.24687499999999996 0.296875 0.09375 0.04375
0.0 0.3203125 0.3015625 0.0453125 0.0375
0.0 0.3765625 0.3109375 0.0296875 0.025
0.0 0.50625 0.3140625 0.034375 0.0359375
0.0 0.2421875 0.31875 0.0296875 0.0296875
0.0 0.41718750000000004 0.325 0.0234375 0.0421875
0.0 0.21250000000000002 0.328125 0.0203125 0.0609375
0.0 0.8078125 0.33125 0.0484375 0.0359375
0.0 0.6734375 0.3328125 0.021875 0.0734375
0.0 0.26875000000000004 0.334375 0.021875 0.040625
0.0 0.50625 0.3421875 0.0859375 0.0578125
0.0 0.24687499999999996 0.346875 0.0328125 0.0265625
0.0 0.328125 0.3546875 0.071875 0.01875
0.0 0.2671875 0.38125 0.0328125 0.0359375
0.0 0.37968749999999996 0.3984375 0.0421875 0.0921875
0.0 0.40312499999999996 0.4046875 0.0671875 0.0375
0.0 0.234375 0.4453125 0.028125 0.0546875
0.0 0.56875 0.4625 0.025 0.046875
0.0 0.4046875 0.4703125 0.053125 0.0359375
0.0 0.2421875 0.484375 0.0546875 0.0203125
0.0 0.41874999999999996 0.5046875 0.0265625 0.0203125
0.0 0.59375 0.5046875 0.034375 0.0265625
0.0 0.259375 0.5265625 0.015625 0.0421875
0.0 0.43125 0.534375 0.05 0.0359375
0.0 0.39375000000000004 0.540625 0.0625 0.03125
0.0 0.33906250000000004 0.5421875 0.040625 0.021875
0.0 0.38593750000000004 0.54375 0.046875 0.04375
0.0 0.5953125 0.5609375 0.0328125 0.0515625
0.0 0.36875 0.565625 0.0234375 0.01875
0.0 0.4546875 0.5890625 0.0171875 0.021875
0.0 0.4921875 0.596875 0.01875 0.0578125
0.0 0.31875 0.615625 0.01875 0.021875
0.0 0.4140625 0.621875 0.01875 0.0265625
0.0 0.6203125 0.6265625 0.0828125 0.0703125
0.0 0.37031250000000004 0.628125 0.0515625 0.0546875
0.0 0.44999999999999996 0.6375 0.0609375 0.046875
0.0 0.37187499999999996 0.6390625 0.05 0.0296875
0.0 0.46562499999999996 0.6796875 0.0265625 0.0296875
0.0 0.5390625 0.7234375 0.0375 0.078125
0.0 0.5109375 0.7328125 0.0234375 0.0265625
0.0 0.6125 0.2390625 0.0265625 0.034375
0.0 0.575 0.240625 0.0171875 0.0234375
0.0 0.659375 0.2421875 0.0328125 0.0703125
0.0 0.478125 0.2421875 0.053125 0.0171875
