0.0 0.4703125 0.2375 0.065625 0.046875
0.0 0.4359375 0.26875 0.0796875 0.05625
0.0 0.5515625 0.2265625 0.028125 0.053125
0.0 0.5734375 0.3453125 0.0890625 0.034375
0.0 0.40156250000000004 0.4 0.0375 0.0578125
0.0 0.4515625 0.4078125 0.0296875 0.0390625
0.0 0.43125 0.4421875 0.028125 0.0171875
0.0 0.48750000000000004 0.4 0.034375 0.0515625
0.0 0.5265625 0.4109375 0.0265625 0.0515625
0.0 0.584375 0.4484375 0.034375 0.05
0.0 0.5484375 0.44375 0.034375 0.0515625
0.0 0.5703125 0.4109375 0.0359375 0.0203125
0.0 0.6578125 0.45625 0.034375 0.0578125
0.0 0.6546875 0.5 0.10625 0.0453125
0.0 0.71875 0.4390625 0.09375 0.040625
0.0 0.7453125 0.6375 0.028125 0.078125
0.0 0.6375 0.6328125 0.0578125 0.053125
0.0 0.6046875 0.6734375 0.03125 0.0296875
0.0 0.63125 0.703125 0.04375 0.03125
0.0 0.5765625 0.7078125 0.0578125 0.0390625
0.0 0.5390625 0.6859375 0.03125 0.034375
0.0 0.578125 0.6484375 0.025 0.0203125
0.0 0.4375 0.6359375 0.0234375 0.059375
0.0 0.4359375 0.696875 0.1 0.021875
0.0 0.6296875 0.7375 0.0671875 0.0203125
0.0 0.6359375 0.778125 0.0234375 0.053125
0.0 0.459375 0.8078125 0.065625 0.0390625
0.0 0.334375 0.778125 0.01875 0.0234375
0.0 0.23593750000000002 0.71875 0.0359375 0.0203125
0.0 0.27031249999999996 0.721875 0.03125 0.0453125
0.0 0.3046875 0.5828125 0.046875 0.021875
0.0 0.30625 0.5828125 0.0296875 0.065625
0.0 0.25468749999999996 0.56875 0.059375 0.0421875
0.0 0.33281249999999996 0.540625 0.01875 0.0390625
0.0 0.40312499999999996 0.528125 0.06875 0.028125
0.0 0.44218749999999996 0.496875 0.0375 0.0359375
0.0 0.26249999999999996 0.4640625 0.0328125 0.01875
