0.0 0.5765625 0.2734375 0.0859375 0.0421875
0.0 0.490625 0.2765625 0.096875 0.03125
0.0 0.4296875 0.2703125 0.021875 0.0296875
0.0 0.44375 0.3546875 0.01875 0.0375
0.0 0.353125 0.415625 0.04375 0.0578125
0.0 0.3765625 0.453125 0.0234375 0.021875
0.0 0.3609375 0.478125 0.03125 0.04375
0.0 0.3296875 0.50625 0.08125 0.0421875
0.0 0.4140625 0.5125 0.0296875 0.0234375
0.0 0.4078125 0.5453125 0.034375 0.0234375
0.0 0.44218749999999996 0.5421875 0.0171875 0.0140625
0.0 0.41718750000000004 0.5765625 0.015625 0.015625
0.0 0.390625 0.584375 0.0203125 0.025
0.0 0.4359375 0.6046875 0.0625 0.01875
0.0 0.47187500000000004 0.6203125 0.04375 0.0359375
0.0 0.5015625 0.5890625 0.053125 0.034375
0.0 0.5375 0.5546875 0.021875 0.0453125
0.0 0.509375 0.521875 0.015625 0.0203125
0.0 0.559375 0.49375 0.015625 0.021875
0.0 0.5703125 0.46875 0.015625 0.0171875
0.0 0.46562499999999996 0.459375 0.071875 0.0375
0.0 0.5140625 0.4609375 0.0453125 0.0328125
0.0 0.51875 0.4234375 0.028125 0.0453125
0.0 0.49375 0.4234375 0.0265625 0.0328125
0.0 0.4625 0.415625 0.021875 0.0375
0.0 0.5765625 0.3953125 0.028125 0.01875
0.0 0.61875 0.40625 0.01875 0.03125
0.0 0.5828125 0.3671875 0.015625 0.025
0.0 0.65625 0.4578125 0.0265625 0.0625
0.0 0.6765625 0.4453125 0.046875 0.0171875
0.0 0.709375 0.4453125 0.025 0.04375
0.0 0.740625 0.378125 0.0515625 0.0296875
0.0 0.6203125 0.3203125 0.0609375 0.021875
0.0 0.6875 0.5015625 0.0515625 0.040625
0.0 0.634375 0.5078125 0.04375 0.034375
0.0 0.6421875 0.596875 0.0265625 0.0296875
0.0 0.6390625 0.5890625 0.0421875 0.0515625
0.0 0.6703125 0.5640625 0.05625 0.0453125
0.0 0.7640625 0.6140625 0.028125 0.0359375
0.0 0.671875 0.6859375 0.0484375 0.021875
0.0 0.628125 0.646875 0.0453125 0.0296875
0.0 0.709375 0.70625 0.0484375 0.034375
0.0 0.559375 0.7234375 0.0609375 0.025
0.0 0.5296875 0.6578125 0.01875 0.0296875
0.0 0.453125 0.68125 0.0578125 0.021875
0.0 0.4984375 0.7453125 0.0203125 0.0734375
