0.0 0.23125 0.215625 0.0171875 0.05625
0.0 0.2640625 0.2203125 0.028125 0.0328125
0.0 0.240625 0.2625 0.028125 0.015625
0.0 0.1875 0.1859375 0.0234375 0.0296875
0.0 0.3625 0.2265625 0.05 0.05625
0.0 0.4203125 0.23125 0.0484375 0.0171875
0.0 0.525 0.184375 0.103125 0.028125
0.0 0.5515625 0.2171875 0.01875 0.021875
0.0 0.5921875 0.2640625 0.046875 0.0453125
0.0 0.653125 0.1828125 0.05 0.0265625
0.0 0.671875 0.396875 0.0703125 0.0953125
0.0 0.825 0.4875 0.03125 0.0546875
0.0 0.6484375 0.61875 0.0671875 0.028125
0.0 0.5875 0.6015625 0.0421875 0.053125
0.0 0.584375 0.6765625 0.046875 0.0890625
0.0 0.546875 0.6734375 0.0453125 0.0421875
0.0 0.3984375 0.7109375 0.06875 0.034375
0.0 0.3625 0.675 0.059375 0.0265625
0.0 0.271875 0.734375 0.06875 0.0484375
0.0 0.2 0.803125 0.0328125 0.03125
0.0 0.11875 0.7484375 0.0234375 0.05625
0.0 0.1875 0.7328125 0.025 0.0390625
0.0 0.1875 0.7015625 0.040625 0.0203125
0.0 0.2625 0.6359375 0.046875 0.0296875
0.0 0.096875 0.6046875 0.0390625 0.06875
0.0 0.2765625 0.5390625 0.0375 0.05
0.0 0.4265625 0.553125 0.0265625 0.040625
0.0 0.49375 0.5375 0.0453125 0.028125
0.0 0.55 0.5203125 0.028125 0.0765625
0.0 0.45 0.5140625 0.0203125 0.021875
0.0 0.390625 0.5078125 0.028125 0.034375
0.0 0.440625 0.4828125 0.065625 0.0203125
0.0 0.4 0.4515625 0.0734375 0.0421875
0.0 0.43125 0.43125 0.0203125 0.034375
0.0 0.4359375 0.3828125 0.0296875 0.065625
0.0 0.4984375 0.4 0.03125 0.021875
0.0 0.5125 0.4171875 0.040625 0.025
0.0 0.3578125 0.3421875 0.028125 0.0578125
0.0 0.240625 0.3609375 0.065625 0.021875
0.0 0.246875 0.45 0.0203125 0.059375
0.0 0.165625 0.403125 0.0359375 0.04375
0.0 0.184375 0.31875 0.021875 0.025
