0.0 0.35 0.309375 0.0328125 0.0625
0.0 0.40625 0.3390625 0.0203125 0.01875
0.0 0.290625 0.3671875 0.0375 0.0453125
0.0 0.2921875 0.4296875 0.05 0.0578125
0.0 0.353125 0.4609375 0.03125 0.053125
0.0 0.403125 0.44375 0.0359375 0.0296875
0.0 0.4328125 0.4 0.0234375 0.0140625
0.0 0.4796875 0.4296875 0.0140625 0.03125
0.0 0.4515625 0.48125 0.01875 0.0125
0.0 0.49375 0.49375 0.021875 0.0546875
0.0 0.5359375 0.4609375 0.0203125 0.0140625
0.0 0.45625 0.259375 0.03125 0.025
0.0 0.55 0.25625 0.021875 0.0265625
0.0 0.515625 0.29375 0.0421875 0.0515625
0.0 0.4765625 0.296875 0.0484375 0.0234375
0.0 0.6375 0.2921875 0.028125 0.0453125
0.0 0.6 0.309375 0.0375 0.03125
0.0 0.615625 0.3359375 0.021875 0.0328125
0.0 0.7140625 0.3734375 0.0328125 0.0359375
0.0 0.6703125 0.403125 0.03125 0.0484375
0.0 0.6453125 0.4109375 0.0375 0.0859375
0.0 0.615625 0.4296875 0.0171875 0.05
0.0 0.5671875 0.4109375 0.0265625 0.04375
0.0 0.5125 0.3609375 0.0296875 0.0734375
0.0 0.5296875 0.4015625 0.0453125 0.0328125
0.0 0.5734375 0.496875 0.028125 0.0453125
0.0 0.6125 0.509375 0.05 0.0203125
0.0 0.6140625 0.5015625 0.0203125 0.05625
0.0 0.7 0.5015625 0.0390625 0.0609375
0.0 0.646875 0.5515625 0.0234375 0.021875
0.0 0.6875 0.5625 0.0640625 0.034375
0.0 0.68125 0.6140625 0.021875 0.028125
0.0 0.6703125 0.6015625 0.046875 0.0515625
0.0 0.684375 0.65 0.0484375 0.071875
0.0 0.6296875 0.7265625 0.0375 0.01875
0.0 0.584375 0.7015625 0.025 0.0296875
0.0 0.5625 0.70625 0.0375 0.0859375
0.0 0.6546875 0.7953125 0.0171875 0.0296875
0.0 0.6046875 0.778125 0.0421875 0.0703125
0.0 0.49375 0.6515625 0.03125 0.05
0.0 0.40625 0.6046875 0.059375 0.025
0.0 0.4859375 0.584375 0.034375 0.0296875
0.0 0.571875 0.5828125 0.0171875 0.0203125
0.0 0.603125 0.5890625 0.015625 0.0234375
0.0 0.5609375 0.5421875 0.015625 0.0265625
0.0 0.353125 0.5453125 0.071875 0.0328125
