0.0 0.64 0.0025 0.15 0.005
0.0 0.8825 0.0 0.235 0.0
0.0 0.9075 0.1775 0.185 0.305
0.0 0.5675 0.055 0.135 0.11
0.0 0.61 0.18 0.35 0.22
0.0 0.5925 0.31 0.285 0.45
0.0 0.49 0.4975 0.17 0.115
0.0 0.4225 0.3125 0.315 0.305
0.0 0.1425 0.0225 0.285 0.045
0.0 0.17 0.15 0.21 0.19
0.0 0.3775 0.6575 0.205 0.205
0.0 0.1725 0.5725 0.075 0.115
0.0 0.1025 0.6525 0.155 0.125
0.0 0.28 0.8825 0.13 0.235
0.0 0.1675 0.88 0.115 0.24
0.0 0.5425 0.9725 0.135 0.055
0.0 0.7025 0.95 0.095 0.1
0.0 0.895 0.915 0.21 0.09
0.0 0.925 0.795 0.15 0.07
0.0 0.875 0.985 0.22 0.03
0.0 0.95 0.505 0.1 0.1
