0.0 0.45 0.09 0.08 0.1
0.0 0.575 0.2775 0.07 0.065
0.0 0.2375 0.2675 0.125 0.255
0.0 0.405 0.46 0.14 0.17
0.0 0.965 0.3925 0.07 0.145
0.0 0.985 0.6175 0.03 0.085
0.0 0.8975 0.6175 0.105 0.135
0.0 0.975 0.8 0.05 0.13
0.0 0.875 0.755 0.06 0.06
0.0 0.75 0.7425 0.13 0.165
0.0 0.5675 0.6325 0.115 0.085
0.0 0.6525 0.775 0.065 0.06
0.0 0.6525 0.945 0.075 0.11
0.0 0.56 0.8575 0.05 0.075
0.0 0.46 0.91 0.05 0.07
0.0 0.1125 0.6525 0.115 0.055
0.0 0.1575 0.7875 0.065 0.095
0.0 0.2725 0.8425 0.085 0.225
0.0 0.28 0.855 0.2 0.1
0.0 0.1325 0.55 0.265 0.14
0.0 0.0825 0.53 0.115 0.15
