0.0 0.875 0.6375 0.21 0.205
0.0 0.5925 0.655 0.135 0.12
0.0 0.4325 0.6725 0.065 0.075
0.0 0.3825 0.5825 0.095 0.075
0.0 0.8325 0.945 0.115 0.09
0.0 0.5675 0.8775 0.055 0.065
0.0 0.5075 0.9225 0.055 0.065
0.0 0.3675 0.97 0.065 0.06
0.0 0.03 0.975 0.06 0.05
0.0 0.14 0.98 0.06 0.04
0.0 0.2575 0.965 0.095 0.07
0.0 0.0125 0.8425 0.025 0.125
0.0 0.0775 0.8775 0.055 0.085
0.0 0.0175 0.705 0.035 0.1
0.0 0.105 0.75 0.07 0.1
0.0 0.005 0.545 0.01 0.17
0.0 0.1775 0.765 0.055 0.08
0.0 0.305 0.7975 0.09 0.085
0.0 0.2275 0.6825 0.145 0.125
0.0 0.245 0.56 0.19 0.1
