0.0 0.1859375 0.24375 0.0703125 0.0796875
0.0 0.2765625 0.29375 0.0546875 0.021875
0.0 0.0890625 0.321875 0.0265625 0.03125
0.0 0.190625 0.3515625 0.034375 0.0953125
0.0 0.225 0.43125 0.0453125 0.0703125
0.0 0.4125 0.3109375 0.05625 0.0234375
0.0 0.48125 0.3828125 0.0171875 0.053125
0.0 0.4546875 0.4109375 0.034375 0.0265625
0.0 0.5125 0.3546875 0.0265625 0.0546875
0.0 0.55 0.375 0.0296875 0.034375
0.0 0.55 0.4453125 0.028125 0.0234375
0.0 0.6 0.4640625 0.0265625 0.015625
0.0 0.540625 0.525 0.021875 0.025
0.0 0.475 0.490625 0.0203125 0.01875
0.0 0.50625 0.578125 0.0171875 0.0234375
0.0 0.540625 0.6421875 0.0265625 0.03125
0.0 0.5234375 0.6171875 0.0234375 0.021875
0.0 0.4921875 0.6515625 0.025 0.0140625
0.0 0.4828125 0.603125 0.028125 0.028125
0.0 0.43125 0.6765625 0.0703125 0.0484375
0.0 0.4453125 0.5859375 0.0203125 0.0171875
0.0 0.4203125 0.575 0.0515625 0.01875
0.0 0.4171875 0.51875 0.0296875 0.0484375
0.0 0.3859375 0.5359375 0.03125 0.0625
0.0 0.3625 0.525 0.028125 0.0796875
0.0 0.3359375 0.5046875 0.0421875 0.034375
0.0 0.3234375 0.559375 0.03125 0.01875
0.0 0.2953125 0.609375 0.0328125 0.0703125
0.0 0.2671875 0.5265625 0.0390625 0.0984375
0.0 0.278125 0.4734375 0.0171875 0.0234375
0.0 0.296875 0.4859375 0.0203125 0.1015625
0.0 0.3390625 0.4359375 0.0453125 0.0609375
0.0 0.375 0.453125 0.053125 0.0390625
0.0 0.3953125 0.7578125 0.0328125 0.053125
0.0 0.375 0.8 0.0421875 0.025
0.0 0.3046875 0.7703125 0.0359375 0.03125
0.0 0.325 0.790625 0.0390625 0.0609375
0.0 0.3453125 0.8203125 0.01875 0.0140625
