0.0 0.3375 0.2421875 0.053125 0.0296875
0.0 0.41875 0.24375 0.0265625 0.059375
0.0 0.5234375 0.240625 0.0265625 0.0359375
0.0 0.5203125 0.28125 0.1 0.034375
0.0 0.5453125 0.315625 0.01875 0.01875
0.0 0.5890625 0.365625 0.046875 0.04375
0.0 0.65 0.28125 0.046875 0.028125
0.0 0.6984375 0.3671875 0.025 0.05625
0.0 0.76875 0.35 0.0234375 0.0390625
0.0 0.76875 0.31875 0.0375 0.01875
0.0 0.853125 0.3515625 0.071875 0.046875
0.0 0.7796875 0.421875 0.03125 0.0296875
0.0 0.6703125 0.496875 0.0671875 0.0921875
0.0 0.8203125 0.584375 0.03125 0.0546875
0.0 0.546875 0.6203125 0.028125 0.075
0.0 0.6453125 0.71875 0.065625 0.028125
0.0 0.584375 0.703125 0.0421875 0.0546875
0.0 0.5421875 0.7734375 0.0453125 0.0421875
0.0 0.5828125 0.778125 0.05 0.090625
0.0 0.4890625 0.6359375 0.0484375 0.028125
0.0 0.446875 0.6140625 0.0203125 0.021875
0.0 0.4234375 0.6546875 0.025 0.0421875
0.0 0.3890625 0.609375 0.0296875 0.034375
0.0 0.4375 0.584375 0.0703125 0.0203125
0.0 0.396875 0.5515625 0.075 0.0421875
0.0 0.43125 0.534375 0.025 0.03125
0.0 0.4328125 0.4828125 0.0328125 0.0671875
0.0 0.4953125 0.5015625 0.0296875 0.021875
0.0 0.509375 0.5171875 0.0375 0.021875
0.0 0.3546875 0.4421875 0.0296875 0.053125
0.0 0.359375 0.3265625 0.0484375 0.0578125
0.0 0.4171875 0.3296875 0.0484375 0.01875
0.0 0.2625 0.3203125 0.028125 0.03125
0.0 0.265625 0.2609375 0.0296875 0.0296875
0.0 0.2265625 0.3140625 0.0171875 0.05625
0.0 0.2375 0.3625 0.025 0.0171875
0.0 0.184375 0.2859375 0.0203125 0.03125
0.0 0.1828125 0.4171875 0.021875 0.0265625
0.0 0.2390625 0.4578125 0.06875 0.025
0.0 0.24375 0.55 0.0234375 0.0578125
0.0 0.1625 0.503125 0.0359375 0.04375
0.0 0.275 0.6390625 0.0375 0.0515625
0.0 0.259375 0.7359375 0.04375 0.0265625
0.0 0.359375 0.775 0.05625 0.025
0.0 0.3953125 0.8109375 0.0640625 0.034375
0.0 0.09375 0.7046875 0.0421875 0.0703125
