0.0 0.525 0.25625 0.059375 0.0359375
0.0 0.4765625 0.278125 0.025 0.0390625
0.0 0.525 0.3125 0.0203125 0.034375
0.0 0.43125 0.3484375 0.046875 0.0265625
0.0 0.3921875 0.378125 0.0546875 0.04375
0.0 0.396875 0.3828125 0.0609375 0.0671875
0.0 0.43437499999999996 0.3875 0.01875 0.015625
0.0 0.5140625 0.3828125 0.0296875 0.0171875
0.0 0.51875 0.403125 0.03125 0.021875
0.0 0.575 0.396875 0.0453125 0.053125
0.0 0.5015625 0.4328125 0.0140625 0.021875
0.0 0.478125 0.4265625 0.01875 0.0234375
0.0 0.46406250000000004 0.4421875 0.05 0.0265625
0.0 0.34687500000000004 0.446875 0.0484375 0.01875
0.0 0.3515625 0.48125 0.05625 0.0375
0.0 0.33906250000000004 0.5359375 0.025 0.0453125
0.0 0.38125 0.5375 0.0515625 0.05
0.0 0.396875 0.490625 0.0265625 0.08125
0.0 0.40312499999999996 0.5796875 0.0796875 0.0484375
0.0 0.42500000000000004 0.5359375 0.021875 0.08125
0.0 0.45625000000000004 0.5484375 0.034375 0.0328125
0.0 0.4296875 0.4609375 0.05625 0.0578125
0.0 0.48750000000000004 0.4796875 0.025 0.0421875
0.0 0.47343749999999996 0.5265625 0.0515625 0.0359375
0.0 0.4671875 0.4953125 0.021875 0.0203125
0.0 0.49687499999999996 0.5125 0.04375 0.01875
0.0 0.47968750000000004 0.603125 0.025 0.021875
0.0 0.47187500000000004 0.6421875 0.0359375 0.04375
0.0 0.4859375 0.6265625 0.021875 0.0203125
0.0 0.53125 0.659375 0.0296875 0.0265625
0.0 0.6125 0.6 0.059375 0.0515625
0.0 0.55 0.6171875 0.0578125 0.0453125
0.0 0.5203125 0.56875 0.046875 0.046875
0.0 0.5546875 0.5109375 0.05 0.025
0.0 0.559375 0.5390625 0.046875 0.028125
0.0 0.6625 0.546875 0.046875 0.021875
0.0 0.675 0.4921875 0.0296875 0.0515625
0.0 0.6203125 0.471875 0.021875 0.0296875
0.0 0.5890625 0.4640625 0.034375 0.0265625
0.0 0.559375 0.459375 0.0234375 0.025
0.0 0.55625 0.4328125 0.021875 0.0171875
0.0 0.5984375 0.4359375 0.05 0.01875
0.0 0.6015625 0.35625 0.0265625 0.015625
0.0 0.6796875 0.36875 0.0265625 0.0484375
0.0 0.625 0.3125 0.06875 0.0703125
