0.0 0.8875 0.0925 0.065 0.055
0.0 0.7975 0.215 0.055 0.22
0.0 0.7225 0.6475 0.085 0.205
0.0 0.6225 0.51 0.175 0.11
0.0 0.6975 0.1725 0.095 0.105
0.0 0.615 0.0975 0.17 0.065
0.0 0.595 0.1475 0.06 0.185
0.0 0.4 0.495 0.19 0.15
0.0 0.5275 0.865 0.125 0.13
0.0 0.3925 0.91 0.125 0.12
0.0 0.28 0.955 0.08 0.06
0.0 0.0175 0.895 0.035 0.09
0.0 0.095 0.64 0.05 0.05
0.0 0.1575 0.58 0.095 0.14
0.0 0.0175 0.6675 0.035 0.215
0.0 0.0375 0.1625 0.075 0.055
0.0 0.1325 0.04 0.105 0.08
0.0 0.3725 0.0025 0.165 0.005
0.0 0.3175 0.0575 0.075 0.115
0.0 0.2075 0.2775 0.055 0.075
