0.0 0.5734375 0.25625 0.053125 0.028125
0.0 0.5578125 0.2796875 0.0546875 0.034375
0.0 0.571875 0.284375 0.0578125 0.09375
0.0 0.490625 0.296875 0.0421875 0.0453125
0.0 0.446875 0.303125 0.025 0.021875
0.0 0.440625 0.33125 0.025 0.0359375
0.0 0.4125 0.3328125 0.0203125 0.05
0.0 0.5796875 0.3375 0.0359375 0.01875
0.0 0.5453125 0.3578125 0.0765625 0.08125
0.0 0.66875 0.3578125 0.0375 0.025
0.0 0.60625 0.3609375 0.028125 0.0390625
0.0 0.5234375 0.371875 0.028125 0.028125
0.0 0.628125 0.378125 0.0375 0.0578125
0.0 0.45625 0.378125 0.040625 0.084375
0.0 0.359375 0.3828125 0.04375 0.075
0.0 0.4234375 0.3875 0.0203125 0.021875
0.0 0.6796875 0.390625 0.046875 0.0921875
0.0 0.5203125 0.4 0.0484375 0.040625
0.0 0.4 0.403125 0.0265625 0.0203125
0.0 0.5515625 0.4265625 0.0265625 0.0296875
0.0 0.4234375 0.43125 0.0234375 0.028125
0.0 0.325 0.4390625 0.028125 0.05625
0.0 0.6515625 0.44375 0.046875 0.028125
0.0 0.403125 0.4453125 0.0328125 0.046875
0.0 0.503125 0.446875 0.0640625 0.04375
0.0 0.55 0.475 0.053125 0.0375
0.0 0.4890625 0.478125 0.028125 0.0390625
0.0 0.365625 0.490625 0.05 0.0609375
0.0 0.328125 0.5015625 0.028125 0.0359375
0.0 0.6796875 0.5046875 0.0296875 0.05
0.0 0.546875 0.5109375 0.03125 0.0296875
0.0 0.625 0.51875 0.025 0.05625
0.0 0.653125 0.5328125 0.0203125 0.0328125
0.0 0.559375 0.5359375 0.065625 0.04375
0.0 0.428125 0.54375 0.0203125 0.0234375
0.0 0.584375 0.5609375 0.065625 0.040625
0.0 0.559375 0.565625 0.021875 0.0390625
0.0 0.66875 0.5671875 0.03125 0.0421875
0.0 0.459375 0.5796875 0.0234375 0.028125
0.0 0.5265625 0.6078125 0.0703125 0.03125
0.0 0.4578125 0.628125 0.0515625 0.034375
0.0 0.565625 0.634375 0.0359375 0.034375
0.0 0.5015625 0.65 0.075 0.03125
0.0 0.4734375 0.66875 0.0671875 0.05
0.0 0.403125 0.2078125 0.0578125 0.034375
0.0 0.51875 0.2390625 0.03125 0.0515625
