0.0 0.58125 0.2765625 0.0578125 0.0171875
0.0 0.640625 0.3171875 0.0421875 0.0546875
0.0 0.725 0.378125 0.0203125 0.0203125
0.0 0.46875 0.378125 0.0296875 0.0453125
0.0 0.4234375 0.33125 0.084375 0.05625
0.0 0.421875 0.428125 0.021875 0.0234375
0.0 0.490625 0.4453125 0.021875 0.0234375
0.0 0.4609375 0.4703125 0.034375 0.0234375
0.0 0.3984375 0.4953125 0.0515625 0.025
0.0 0.4453125 0.5140625 0.0375 0.0609375
0.0 0.4765625 0.54375 0.075 0.065625
0.0 0.484375 0.59375 0.0234375 0.0421875
0.0 0.5375 0.55625 0.015625 0.0453125
0.0 0.575 0.578125 0.0171875 0.03125
0.0 0.61875 0.6 0.046875 0.040625
0.0 0.553125 0.4875 0.034375 0.03125
0.0 0.59375 0.5125 0.025 0.065625
0.0 0.6234375 0.45 0.0375 0.0453125
0.0 0.6375 0.496875 0.0140625 0.025
0.0 0.66875 0.5078125 0.0203125 0.040625
0.0 0.646875 0.5453125 0.0515625 0.015625
0.0 0.7 0.459375 0.021875 0.0296875
0.0 0.7734375 0.471875 0.03125 0.090625
0.0 0.7953125 0.53125 0.025 0.084375
0.0 0.74375 0.653125 0.0203125 0.0296875
0.0 0.8171875 0.6421875 0.021875 0.0453125
0.0 0.7125 0.6203125 0.0453125 0.0375
0.0 0.65625 0.640625 0.0453125 0.0421875
0.0 0.634375 0.6921875 0.0203125 0.034375
0.0 0.6703125 0.7265625 0.0546875 0.03125
0.0 0.625 0.765625 0.0265625 0.0140625
0.0 0.534375 0.7359375 0.01875 0.0171875
0.0 0.5703125 0.765625 0.065625 0.0390625
0.0 0.5609375 0.6890625 0.0203125 0.05625
0.0 0.5625 0.696875 0.0484375 0.046875
0.0 0.6 0.6375 0.0390625 0.025
0.0 0.5125 0.671875 0.0296875 0.0171875
0.0 0.509375 0.6609375 0.0234375 0.0546875
0.0 0.4734375 0.64375 0.0296875 0.040625
0.0 0.484375 0.65 0.115625 0.0265625
0.0 0.3953125 0.6 0.065625 0.0453125
0.0 0.4 0.68125 0.025 0.05625
0.0 0.4859375 0.703125 0.084375 0.0203125
0.0 0.4875 0.728125 0.0203125 0.0265625
0.0 0.28125 0.590625 0.0375 0.0203125
0.0 0.3140625 0.5265625 0.04375 0.05
