0.0 0.353125 0.2578125 0.06875 0.065625
0.0 0.5234375 0.2234375 0.0734375 0.0765625
0.0 0.6171875 0.2484375 0.084375 0.0265625
0.0 0.571875 0.303125 0.0296875 0.01875
0.0 0.475 0.3109375 0.06875 0.0421875
0.0 0.675 0.3796875 0.05625 0.0515625
0.0 0.646875 0.3375 0.0421875 0.0890625
0.0 0.6453125 0.4015625 0.08125 0.0421875
0.0 0.71875 0.4390625 0.0765625 0.075
0.0 0.6421875 0.446875 0.03125 0.025
0.0 0.63125 0.54375 0.0203125 0.028125
0.0 0.6609375 0.54375 0.0203125 0.0296875
0.0 0.6484375 0.5703125 0.0390625 0.0203125
0.0 0.671875 0.6140625 0.059375 0.0671875
0.0 0.73125 0.6234375 0.0234375 0.0296875
0.0 0.75625 0.6109375 0.0234375 0.0328125
0.0 0.7921875 0.690625 0.03125 0.05
0.0 0.7859375 0.684375 0.059375 0.0921875
0.0 0.725 0.7015625 0.0234375 0.0390625
0.0 0.6703125 0.728125 0.05 0.05
0.0 0.615625 0.790625 0.0265625 0.0328125
0.0 0.628125 0.7578125 0.0390625 0.0296875
0.0 0.59375 0.653125 0.040625 0.03125
0.0 0.6203125 0.6984375 0.05 0.075
0.0 0.5359375 0.6421875 0.0375 0.0203125
0.0 0.503125 0.6734375 0.04375 0.0375
0.0 0.4625 0.7171875 0.046875 0.0640625
0.0 0.484375 0.775 0.046875 0.0828125
0.0 0.30156249999999996 0.746875 0.0453125 0.04375
0.0 0.33281249999999996 0.70625 0.0296875 0.0453125
0.0 0.2828125 0.684375 0.0453125 0.040625
0.0 0.24062499999999998 0.6140625 0.0375 0.0640625
0.0 0.396875 0.59375 0.03125 0.0796875
0.0 0.3515625 0.584375 0.04375 0.028125
0.0 0.24375000000000002 0.5578125 0.0265625 0.0234375
0.0 0.2734375 0.51875 0.025 0.0578125
0.0 0.34843749999999996 0.4796875 0.0640625 0.0234375
0.0 0.42500000000000004 0.4984375 0.028125 0.0484375
0.0 0.45625000000000004 0.5109375 0.025 0.06875
0.0 0.328125 0.428125 0.05625 0.0296875
0.0 0.4859375 0.45 0.05625 0.028125
0.0 0.4921875 0.396875 0.0296875 0.05
0.0 0.47343749999999996 0.428125 0.0390625 0.015625
0.0 0.4453125 0.3984375 0.0578125 0.034375
0.0 0.22031250000000002 0.34375 0.0546875 0.0265625
