0.0 0.7078125 0.2171875 0.0390625 0.08125
0.0 0.753125 0.3015625 0.053125 0.0921875
0.0 0.7765625 0.3109375 0.1125 0.046875
0.0 0.7171875 0.325 0.11875 0.103125
0.0 0.6859375 0.3703125 0.0625 0.0328125
0.0 0.759375 0.4 0.0484375 0.03125
0.0 0.5203125 0.3796875 0.0421875 0.028125
0.0 0.6859375 0.521875 0.04375 0.046875
0.0 0.51875 0.4671875 0.028125 0.0390625
0.0 0.5859375 0.521875 0.06875 0.0984375
0.0 0.8234375 0.4796875 0.0328125 0.1078125
0.0 0.6609375 0.6390625 0.0734375 0.0890625
0.0 0.59375 0.6828125 0.0265625 0.0265625
0.0 0.509375 0.7140625 0.0671875 0.03125
0.0 0.44999999999999996 0.696875 0.025 0.0640625
0.0 0.4453125 0.64375 0.0390625 0.0265625
0.0 0.49687499999999996 0.5453125 0.1234375 0.0953125
0.0 0.43437499999999996 0.5359375 0.0828125 0.0515625
0.0 0.41718750000000004 0.4703125 0.0609375 0.03125
0.0 0.4125 0.596875 0.096875 0.04375
0.0 0.3578125 0.603125 0.08125 0.1078125
0.0 0.3140625 0.6140625 0.059375 0.0671875
0.0 0.321875 0.45625 0.0265625 0.053125
0.0 0.3421875 0.403125 0.0265625 0.04375
0.0 0.25 0.4671875 0.03125 0.05625
0.0 0.22187500000000004 0.5140625 0.046875 0.090625
0.0 0.21406250000000004 0.4109375 0.0453125 0.0828125
0.0 0.23593750000000002 0.3609375 0.03125 0.034375
0.0 0.4203125 0.34375 0.071875 0.0546875
0.0 0.4046875 0.321875 0.0375 0.0421875
0.0 0.31718749999999996 0.346875 0.0703125 0.128125
0.0 0.2875 0.3203125 0.040625 0.078125
0.0 0.24687499999999996 0.3125 0.040625 0.0359375
0.0 0.19999999999999996 0.3 0.0328125 0.0578125
0.0 0.3890625 0.3078125 0.0765625 0.075
0.0 0.296875 0.2234375 0.078125 0.0328125
0.0 0.49375 0.2046875 0.0796875 0.05625
0.0 0.5203125 0.2546875 0.0359375 0.0265625
0.0 0.475 0.2359375 0.059375 0.0515625
0.0 0.39531249999999996 0.2140625 0.0375 0.028125
0.0 0.44843750000000004 0.2703125 0.071875 0.0609375
