0.0 0.58125 0.3015625 0.03125 0.0515625
0.0 0.6359375 0.315625 0.0234375 0.0515625
0.0 0.6125 0.359375 0.0359375 0.028125
0.0 0.5296875 0.340625 0.028125 0.015625
0.0 0.575 0.3875 0.0765625 0.021875
0.0 0.55 0.4125 0.021875 0.015625
0.0 0.5046875 0.428125 0.0359375 0.0484375
0.0 0.44843750000000004 0.409375 0.05625 0.05625
0.0 0.42500000000000004 0.3640625 0.0359375 0.0484375
0.0 0.359375 0.38125 0.040625 0.0484375
0.0 0.37812500000000004 0.459375 0.0484375 0.0609375
0.0 0.34687500000000004 0.515625 0.0359375 0.0703125
0.0 0.40312499999999996 0.503125 0.05 0.0859375
0.0 0.4515625 0.4921875 0.0421875 0.0734375
0.0 0.4921875 0.4859375 0.0484375 0.025
0.0 0.46562499999999996 0.5875 0.0328125 0.0265625
0.0 0.509375 0.609375 0.025 0.0875
0.0 0.48124999999999996 0.684375 0.0234375 0.040625
0.0 0.5375 0.6109375 0.025 0.015625
0.0 0.5703125 0.625 0.0296875 0.0171875
0.0 0.609375 0.678125 0.028125 0.0234375
0.0 0.59375 0.6546875 0.0234375 0.0515625
0.0 0.6484375 0.6890625 0.028125 0.0640625
0.0 0.6328125 0.54375 0.025 0.05625
0.0 0.5625 0.515625 0.015625 0.0203125
0.0 0.584375 0.521875 0.059375 0.0578125
0.0 0.590625 0.4625 0.0421875 0.0578125
0.0 0.6359375 0.4109375 0.0421875 0.03125
0.0 0.6765625 0.40625 0.021875 0.0203125
0.0 0.715625 0.43125 0.0203125 0.0234375
0.0 0.74375 0.421875 0.01875 0.0203125
0.0 0.68125 0.44375 0.0703125 0.084375
0.0 0.7046875 0.484375 0.0390625 0.03125
0.0 0.69375 0.5328125 0.0203125 0.0328125
0.0 0.778125 0.4484375 0.040625 0.0328125
0.0 0.7578125 0.478125 0.034375 0.0203125
0.0 0.7453125 0.5125 0.040625 0.046875
0.0 0.7546875 0.540625 0.0375 0.05
0.0 0.8265625 0.546875 0.040625 0.0609375
0.0 0.865625 0.515625 0.05 0.0609375
0.0 0.75625 0.6046875 0.01875 0.034375
0.0 0.79375 0.590625 0.034375 0.034375
0.0 0.8125 0.6171875 0.0453125 0.0359375
0.0 0.8109375 0.6640625 0.025 0.0328125
0.0 0.7453125 0.6828125 0.034375 0.021875
