0.0 0.41874999999999996 0.2765625 0.0578125 0.0171875
0.0 0.359375 0.3171875 0.0421875 0.0546875
0.0 0.275 0.378125 0.0203125 0.0203125
0.0 0.53125 0.378125 0.0296875 0.0453125
0.0 0.5765625 0.33125 0.084375 0.05625
0.0 0.578125 0.428125 0.021875 0.0234375
0.0 0.509375 0.4453125 0.021875 0.0234375
0.0 0.5390625 0.4703125 0.034375 0.0234375
0.0 0.6015625 0.4953125 0.0515625 0.025
0.0 0.5546875 0.5140625 0.0375 0.0609375
0.0 0.5234375 0.54375 0.075 0.065625
0.0 0.515625 0.59375 0.0234375 0.0421875
0.0 0.4625 0.55625 0.015625 0.0453125
0.0 0.42500000000000004 0.578125 0.0171875 0.03125
0.0 0.38125 0.6 0.046875 0.040625
0.0 0.446875 0.4875 0.034375 0.03125
0.0 0.40625 0.5125 0.025 0.065625
0.0 0.3765625 0.45 0.0375 0.0453125
0.0 0.36250000000000004 0.496875 0.0140625 0.025
0.0 0.33125000000000004 0.5078125 0.0203125 0.040625
0.0 0.353125 0.5453125 0.0515625 0.015625
0.0 0.30000000000000004 0.459375 0.021875 0.0296875
0.0 0.2265625 0.471875 0.03125 0.090625
0.0 0.20468750000000002 0.53125 0.025 0.084375
0.0 0.25625 0.653125 0.0203125 0.0296875
0.0 0.18281250000000004 0.6421875 0.021875 0.0453125
0.0 0.2875 0.6203125 0.0453125 0.0375
0.0 0.34375 0.640625 0.0453125 0.0421875
0.0 0.365625 0.6921875 0.0203125 0.034375
0.0 0.3296875 0.7265625 0.0546875 0.03125
0.0 0.375 0.765625 0.0265625 0.0140625
0.0 0.46562499999999996 0.7359375 0.01875 0.0171875
0.0 0.4296875 0.765625 0.065625 0.0390625
0.0 0.4390625 0.6890625 0.0203125 0.05625
0.0 0.4375 0.696875 0.0484375 0.046875
0.0 0.4 0.6375 0.0390625 0.025
0.0 0.48750000000000004 0.671875 0.0296875 0.0171875
0.0 0.490625 0.6609375 0.0234375 0.0546875
0.0 0.5265625 0.64375 0.0296875 0.040625
0.0 0.515625 0.65 0.115625 0.0265625
0.0 0.6046875 0.6 0.065625 0.0453125
0.0 0.6 0.68125 0.025 0.05625
0.0 0.5140625 0.703125 0.084375 0.0203125
0.0 0.5125 0.728125 0.0203125 0.0265625
0.0 0.71875 0.590625 0.0375 0.0203125
0.0 0.6859375 0.5265625 0.04375 0.05
