0.0 0.44375 0.2859375 0.046875 0.0328125
0.0 0.55 0.321875 0.0578125 0.0375
0.0 0.5875 0.35625 0.084375 0.034375
0.0 0.48750000000000004 0.384375 0.0375 0.0328125
0.0 0.22968750000000004 0.4078125 0.0609375 0.0484375
0.0 0.43125 0.4109375 0.0828125 0.0671875
0.0 0.6296875 0.4171875 0.0171875 0.0296875
0.0 0.3578125 0.44375 0.0609375 0.0328125
0.0 0.540625 0.4484375 0.0296875 0.0625
0.0 0.65 0.453125 0.0546875 0.065625
0.0 0.2109375 0.4578125 0.053125 0.025
0.0 0.44375 0.4875 0.0671875 0.0171875
0.0 0.7265625 0.5 0.025 0.0265625
0.0 0.5140625 0.5140625 0.0203125 0.128125
0.0 0.3046875 0.5171875 0.01875 0.0375
0.0 0.44218749999999996 0.5234375 0.065625 0.0453125
0.0 0.834375 0.5296875 0.0625 0.1171875
0.0 0.365625 0.534375 0.05 0.0796875
0.0 0.23124999999999996 0.5359375 0.01875 0.0296875
0.0 0.6921875 0.5421875 0.0421875 0.0703125
0.0 0.45781249999999996 0.5453125 0.0390625 0.05625
0.0 0.21406250000000004 0.546875 0.065625 0.03125
0.0 0.3609375 0.5578125 0.084375 0.025
0.0 0.28125 0.5609375 0.021875 0.0296875
0.0 0.10624999999999996 0.5625 0.059375 0.1109375
0.0 0.36406249999999996 0.58125 0.0203125 0.0203125
0.0 0.6359375 0.5828125 0.03125 0.0359375
0.0 0.60625 0.5875 0.021875 0.0625
0.0 0.17343750000000002 0.6140625 0.0390625 0.078125
0.0 0.22343749999999996 0.6203125 0.0671875 0.0234375
0.0 0.25 0.621875 0.034375 0.0609375
0.0 0.46406250000000004 0.621875 0.0671875 0.0265625
0.0 0.3109375 0.634375 0.0765625 0.1046875
0.0 0.37031250000000004 0.634375 0.0328125 0.0203125
0.0 0.6984375 0.6375 0.025 0.0609375
0.0 0.20937499999999998 0.6375 0.021875 0.0453125
0.0 0.2875 0.65 0.040625 0.0375
0.0 0.49531250000000004 0.6671875 0.0453125 0.0265625
0.0 0.34687500000000004 0.6671875 0.0484375 0.0296875
0.0 0.5625 0.6796875 0.0296875 0.0265625
0.0 0.24531250000000004 0.690625 0.0203125 0.04375
0.0 0.48750000000000004 0.690625 0.084375 0.05625
0.0 0.17812499999999998 0.7046875 0.01875 0.0625
0.0 0.19843750000000004 0.7234375 0.01875 0.03125
0.0 0.5140625 0.75625 0.0234375 0.0375
