0.0 0.76875 0.215625 0.0171875 0.05625
0.0 0.7359375 0.2203125 0.028125 0.0328125
0.0 0.759375 0.2625 0.028125 0.015625
0.0 0.8125 0.1859375 0.0234375 0.0296875
0.0 0.6375 0.2265625 0.05 0.05625
0.0 0.5796875 0.23125 0.0484375 0.0171875
0.0 0.475 0.184375 0.103125 0.028125
0.0 0.44843750000000004 0.2171875 0.01875 0.021875
0.0 0.4078125 0.2640625 0.046875 0.0453125
0.0 0.34687500000000004 0.1828125 0.05 0.0265625
0.0 0.328125 0.396875 0.0703125 0.0953125
0.0 0.17500000000000004 0.4875 0.03125 0.0546875
0.0 0.3515625 0.61875 0.0671875 0.028125
0.0 0.4125 0.6015625 0.0421875 0.053125
0.0 0.415625 0.6765625 0.046875 0.0890625
0.0 0.453125 0.6734375 0.0453125 0.0421875
0.0 0.6015625 0.7109375 0.06875 0.034375
0.0 0.6375 0.675 0.059375 0.0265625
0.0 0.728125 0.734375 0.06875 0.0484375
0.0 0.8 0.803125 0.0328125 0.03125
0.0 0.88125 0.7484375 0.0234375 0.05625
0.0 0.8125 0.7328125 0.025 0.0390625
0.0 0.8125 0.7015625 0.040625 0.0203125
0.0 0.7375 0.6359375 0.046875 0.0296875
0.0 0.903125 0.6046875 0.0390625 0.06875
0.0 0.7234375 0.5390625 0.0375 0.05
0.0 0.5734375 0.553125 0.0265625 0.040625
0.0 0.50625 0.5375 0.0453125 0.028125
0.0 0.44999999999999996 0.5203125 0.028125 0.0765625
0.0 0.55 0.5140625 0.0203125 0.021875
0.0 0.609375 0.5078125 0.028125 0.034375
0.0 0.559375 0.4828125 0.065625 0.0203125
0.0 0.6 0.4515625 0.0734375 0.0421875
0.0 0.56875 0.43125 0.0203125 0.034375
0.0 0.5640625 0.3828125 0.0296875 0.065625
0.0 0.5015625 0.4 0.03125 0.021875
0.0 0.48750000000000004 0.4171875 0.040625 0.025
0.0 0.6421875 0.3421875 0.028125 0.0578125
0.0 0.759375 0.3609375 0.065625 0.021875
0.0 0.753125 0.45 0.0203125 0.059375
0.0 0.834375 0.403125 0.0359375 0.04375
0.0 0.815625 0.31875 0.021875 0.025
