0.0 0.985 0.53 0.03 0.15
0.0 0.92 0.4775 0.06 0.115
0.0 0.885 0.72 0.14 0.13
0.0 0.765 0.615 0.05 0.08
0.0 0.6825 0.6525 0.165 0.275
0.0 0.68 0.3725 0.06 0.125
0.0 0.855 0.2825 0.06 0.155
0.0 0.965 0.2725 0.06 0.115
0.0 0.5075 0.9425 0.105 0.085
0.0 0.4 0.925 0.07 0.15
0.0 0.3025 0.8475 0.055 0.165
0.0 0.325 0.6725 0.14 0.125
0.0 0.5175 0.765 0.185 0.14
0.0 0.505 0.5525 0.11 0.195
0.0 0.3975 0.1525 0.085 0.065
0.0 0.7525 0.0975 0.195 0.125
0.0 0.9025 0.1325 0.055 0.085
0.0 0.685 0.025 0.17 0.05
0.0 0.8175 0.005 0.085 0.01
0.0 0.93 0.0275 0.07 0.055
0.0 0.9875 0.03 0.025 0.06
0.0 0.99 0.0 0.02 0.0
