0.0 0.47187500000000004 0.2859375 0.01875 0.025
0.0 0.5875 0.3015625 0.021875 0.015625
0.0 0.6921875 0.3140625 0.0265625 0.0515625
0.0 0.571875 0.3234375 0.0234375 0.03125
0.0 0.49375 0.3421875 0.059375 0.0390625
0.0 0.36406249999999996 0.365625 0.0359375 0.0421875
0.0 0.5375 0.36875 0.0203125 0.059375
0.0 0.2515625 0.3765625 0.0171875 0.015625
0.0 0.6609375 0.3828125 0.0171875 0.021875
0.0 0.8296875 0.4015625 0.0453125 0.0296875
0.0 0.5015625 0.4015625 0.04375 0.03125
0.0 0.43437499999999996 0.4015625 0.0296875 0.021875
0.0 0.38125 0.409375 0.01875 0.01875
0.0 0.4609375 0.428125 0.0234375 0.021875
0.0 0.5828125 0.4515625 0.0265625 0.021875
0.0 0.275 0.4546875 0.0296875 0.040625
0.0 0.778125 0.45625 0.04375 0.025
0.0 0.6734375 0.4625 0.046875 0.0484375
0.0 0.609375 0.465625 0.040625 0.0359375
0.0 0.4546875 0.475 0.025 0.025
0.0 0.7359375 0.490625 0.0296875 0.0234375
0.0 0.4671875 0.4953125 0.0671875 0.053125
0.0 0.5171875 0.51875 0.0328125 0.0296875
0.0 0.69375 0.5203125 0.040625 0.025
0.0 0.47968750000000004 0.525 0.0359375 0.05
0.0 0.25 0.540625 0.028125 0.025
0.0 0.621875 0.5546875 0.0359375 0.059375
0.0 0.31718749999999996 0.5640625 0.028125 0.0515625
0.0 0.66875 0.5703125 0.0203125 0.034375
0.0 0.4859375 0.6 0.0515625 0.034375
0.0 0.571875 0.6046875 0.034375 0.0359375
0.0 0.25625 0.615625 0.0421875 0.03125
0.0 0.565625 0.6375 0.0171875 0.021875
0.0 0.44062500000000004 0.6453125 0.0734375 0.021875
0.0 0.5328125 0.653125 0.040625 0.0390625
0.0 0.35 0.6671875 0.0390625 0.065625
0.0 0.43281250000000004 0.6734375 0.021875 0.040625
0.0 0.5546875 0.6796875 0.05625 0.0359375
0.0 0.42500000000000004 0.6796875 0.0640625 0.0234375
0.0 0.459375 0.6890625 0.05625 0.059375
0.0 0.546875 0.7171875 0.053125 0.025
0.0 0.3921875 0.728125 0.0265625 0.0359375
0.0 0.478125 0.7328125 0.0265625 0.021875
