0.0 0.2325 0.4275 0.095 0.065
0.0 0.5425 0.485 0.065 0.1
0.0 0.4125 0.555 0.135 0.28
0.0 0.2525 0.53 0.185 0.08
0.0 0.68 0.5575 0.2 0.085
0.0 0.6025 0.6525 0.265 0.085
0.0 0.5825 0.7475 0.065 0.105
0.0 0.7275 0.8525 0.085 0.085
0.0 0.6475 0.8175 0.065 0.075
0.0 0.7275 0.7475 0.085 0.075
0.0 0.905 0.8975 0.05 0.065
0.0 0.8275 0.835 0.085 0.16
0.0 0.8275 0.9875 0.105 0.025
0.0 0.4475 0.885 0.075 0.07
0.0 0.4925 0.8175 0.145 0.125
0.0 0.61 0.965 0.28 0.07
0.0 0.4425 0.965 0.175 0.07
0.0 0.3325 0.915 0.095 0.09
0.0 0.335 0.7875 0.13 0.135
0.0 0.0775 0.6 0.155 0.1
0.0 0.2 0.6775 0.14 0.125
0.0 0.1525 0.8175 0.165 0.115
0.0 0.0075 0.75 0.015 0.2
0.0 0.055 0.9375 0.11 0.105
0.0 0.2 0.93 0.07 0.1
