0.0 0.33125000000000004 0.246875 0.0734375 0.0328125
0.0 0.3125 0.2765625 0.021875 0.0171875
0.0 0.3359375 0.3265625 0.0296875 0.0375
0.0 0.384375 0.321875 0.0453125 0.0390625
0.0 0.2515625 0.3328125 0.05 0.01875
0.0 0.21875 0.4578125 0.0265625 0.0625
0.0 0.2796875 0.4671875 0.03125 0.021875
0.0 0.29218750000000004 0.5 0.0359375 0.01875
0.0 0.415625 0.4359375 0.0375 0.01875
0.0 0.3578125 0.56875 0.04375 0.0453125
0.0 0.4296875 0.5375 0.0234375 0.046875
0.0 0.56875 0.20625 0.0203125 0.0234375
0.0 0.5671875 0.2859375 0.0421875 0.025
0.0 0.5390625 0.303125 0.0796875 0.0328125
0.0 0.534375 0.3234375 0.021875 0.021875
0.0 0.553125 0.3359375 0.0296875 0.025
0.0 0.51875 0.3625 0.0515625 0.0390625
0.0 0.478125 0.41875 0.0234375 0.0359375
0.0 0.484375 0.45625 0.0515625 0.0453125
0.0 0.5390625 0.465625 0.028125 0.046875
0.0 0.5421875 0.4671875 0.0640625 0.0328125
0.0 0.615625 0.44375 0.0203125 0.025
0.0 0.659375 0.33125 0.0640625 0.059375
0.0 0.66875 0.39375 0.0578125 0.0234375
0.0 0.73125 0.440625 0.021875 0.021875
0.0 0.734375 0.5 0.0234375 0.01875
0.0 0.7125 0.565625 0.0265625 0.028125
0.0 0.740625 0.553125 0.0359375 0.0515625
0.0 0.7609375 0.59375 0.0234375 0.0171875
0.0 0.7859375 0.5328125 0.028125 0.05625
0.0 0.8328125 0.5609375 0.03125 0.0421875
0.0 0.528125 0.5359375 0.0203125 0.0375
0.0 0.5828125 0.5796875 0.0375 0.0359375
0.0 0.478125 0.6 0.0546875 0.05
0.0 0.590625 0.6078125 0.0203125 0.01875
0.0 0.5546875 0.628125 0.04375 0.0390625
0.0 0.6125 0.6703125 0.03125 0.015625
0.0 0.5 0.7046875 0.0421875 0.075
0.0 0.45781249999999996 0.7296875 0.046875 0.021875
0.0 0.7140625 0.7578125 0.03125 0.025
0.0 0.671875 0.7953125 0.034375 0.04375
0.0 0.715625 0.6640625 0.028125 0.0375
0.0 0.3984375 0.7640625 0.0265625 0.05
