0.0 0.8484375 0.3625 0.059375 0.01875
0.0 0.91875 0.33125 0.0765625 0.04375
0.0 0.2875 0.378125 0.05625 0.0421875
0.0 0.2875 0.3609375 0.053125 0.078125
0.0 0.2890625 0.4125 0.0265625 0.01875
0.0 0.25625 0.46875 0.0296875 0.04375
0.0 0.20156249999999998 0.50625 0.0484375 0.0515625
0.0 0.31718749999999996 0.45 0.01875 0.0140625
0.0 0.34375 0.475 0.0203125 0.05625
0.0 0.365625 0.4390625 0.0453125 0.0390625
0.0 0.3109375 0.5703125 0.028125 0.0171875
0.0 0.27812499999999996 0.59375 0.01875 0.090625
0.0 0.23906249999999996 0.6 0.0421875 0.0375
0.0 0.19687500000000002 0.615625 0.0171875 0.0390625
0.0 0.22812500000000002 0.6765625 0.01875 0.05
0.0 0.16718750000000004 0.7 0.03125 0.025
0.0 0.28125 0.6953125 0.01875 0.04375
0.0 0.2671875 0.734375 0.0390625 0.0484375
0.0 0.34843749999999996 0.6203125 0.0375 0.01875
0.0 0.3765625 0.640625 0.0296875 0.0234375
0.0 0.43437499999999996 0.6203125 0.04375 0.0453125
0.0 0.553125 0.615625 0.04375 0.059375
0.0 0.540625 0.71875 0.025 0.0359375
0.0 0.5546875 0.75625 0.05 0.0203125
0.0 0.540625 0.7828125 0.0140625 0.0140625
0.0 0.58125 0.803125 0.0265625 0.028125
0.0 0.659375 0.7859375 0.025 0.0359375
0.0 0.6953125 0.68125 0.0390625 0.0625
0.0 0.7875 0.784375 0.0421875 0.0296875
0.0 0.9015625 0.796875 0.034375 0.0390625
0.0 0.484375 0.7703125 0.0296875 0.0171875
0.0 0.44218749999999996 0.803125 0.0171875 0.040625
0.0 0.478125 0.80625 0.0453125 0.040625
