0.0 0.0275 0.165 0.055 0.12
0.0 0.0825 0.1575 0.075 0.165
0.0 0.175 0.125 0.07 0.14
0.0 0.1025 0.48 0.205 0.07
0.0 0.1 0.83 0.08 0.12
0.0 0.1825 0.8675 0.095 0.165
0.0 0.2875 0.785 0.175 0.25
0.0 0.465 0.8925 0.09 0.105
0.0 0.6825 0.7325 0.085 0.075
0.0 0.5325 0.66 0.075 0.09
0.0 0.435 0.535 0.1 0.12
0.0 0.505 0.4425 0.17 0.195
0.0 0.33 0.09 0.07 0.16
0.0 0.4325 0.0925 0.055 0.075
0.0 0.6325 0.0825 0.135 0.075
0.0 0.73 0.2725 0.11 0.145
0.0 0.745 0.385 0.21 0.16
0.0 0.8125 0.57 0.125 0.1
0.0 0.86 0.655 0.1 0.09
0.0 0.9525 0.6375 0.075 0.175
0.0 1.0 0.71 0.0 0.14
