0.0 0.296875 0.3140625 0.0859375 0.06875
0.0 0.24375 0.359375 0.071875 0.046875
0.0 0.1484375 0.3609375 0.06875 0.040625
0.0 0.359375 0.3765625 0.1546875 0.0953125
0.0 0.4609375 0.40625 0.1078125 0.0484375
0.0 0.10625 0.415625 0.0984375 0.071875
0.0 0.1609375 0.4453125 0.0828125 0.1375
0.0 0.10625 0.4546875 0.03125 0.053125
0.0 0.4328125 0.46875 0.0296875 0.0921875
0.0 0.5296875 0.5125 0.078125 0.0375
0.0 0.2734375 0.5421875 0.0765625 0.0578125
0.0 0.7046875 0.5890625 0.065625 0.06875
0.0 0.5078125 0.6328125 0.0703125 0.0328125
0.0 0.225 0.671875 0.0640625 0.109375
0.0 0.78125 0.6734375 0.034375 0.0609375
0.0 0.8859375 0.6828125 0.04375 0.0265625
0.0 0.1625 0.684375 0.05 0.071875
0.0 0.1109375 0.6859375 0.09375 0.140625
0.0 0.5546875 0.696875 0.078125 0.0625
0.0 0.646875 0.7109375 0.0390625 0.09375
0.0 0.509375 0.7109375 0.08125 0.08125
0.0 0.4578125 0.7734375 0.0640625 0.0390625
0.0 0.6359375 0.8046875 0.0703125 0.0484375
0.0 0.796875 0.8109375 0.0421875 0.03125
