0.0 0.453125 0.225 0.0765625 0.03125
0.0 0.5375 0.2296875 0.0328125 0.0921875
0.0 0.46875 0.296875 0.01875 0.0375
0.0 0.396875 0.271875 0.053125 0.028125
0.0 0.5875 0.271875 0.0578125 0.0546875
0.0 0.5375 0.3 0.03125 0.0265625
0.0 0.5265625 0.3375 0.0203125 0.01875
0.0 0.5890625 0.3296875 0.0390625 0.01875
0.0 0.48906249999999996 0.378125 0.015625 0.0265625
0.0 0.46875 0.390625 0.0203125 0.0328125
0.0 0.45625000000000004 0.3609375 0.0390625 0.0296875
0.0 0.34375 0.3125 0.046875 0.040625
0.0 0.34843749999999996 0.3671875 0.0484375 0.0546875
0.0 0.2875 0.3421875 0.0640625 0.05
0.0 0.22187500000000004 0.38125 0.0328125 0.1
0.0 0.275 0.4265625 0.0609375 0.0265625
0.0 0.2796875 0.453125 0.015625 0.034375
0.0 0.15781250000000002 0.5390625 0.0296875 0.025
0.0 0.203125 0.5296875 0.05 0.0609375
0.0 0.20625000000000004 0.6234375 0.04375 0.0484375
0.0 0.296875 0.6265625 0.034375 0.05
0.0 0.303125 0.7375 0.01875 0.0515625
0.0 0.3578125 0.7234375 0.0171875 0.01875
0.0 0.334375 0.6953125 0.034375 0.0265625
0.0 0.4140625 0.63125 0.0328125 0.05
0.0 0.37031250000000004 0.61875 0.040625 0.090625
0.0 0.296875 0.5671875 0.0703125 0.0515625
0.0 0.33906250000000004 0.5109375 0.0546875 0.034375
0.0 0.4 0.5234375 0.046875 0.0328125
0.0 0.475 0.5359375 0.0390625 0.0203125
0.0 0.5 0.553125 0.015625 0.0203125
0.0 0.490625 0.5015625 0.0171875 0.0265625
0.0 0.4765625 0.48125 0.025 0.021875
0.0 0.47968750000000004 0.4453125 0.028125 0.0234375
0.0 0.5390625 0.4171875 0.03125 0.0546875
0.0 0.5796875 0.4578125 0.034375 0.0265625
0.0 0.5796875 0.490625 0.01875 0.0203125
0.0 0.6015625 0.38125 0.0671875 0.0265625
0.0 0.7 0.2890625 0.05 0.05625
0.0 0.671875 0.40625 0.0453125 0.05
0.0 0.734375 0.4265625 0.0421875 0.05625
0.0 0.6828125 0.478125 0.0359375 0.0390625
0.0 0.684375 0.5671875 0.0359375 0.0203125
0.0 0.6609375 0.61875 0.021875 0.0515625
0.0 0.6109375 0.5859375 0.04375 0.04375
0.0 0.60625 0.5828125 0.0828125 0.0640625
