0.0 0.2953125 0.2421875 0.040625 0.0390625
0.0 0.2078125 0.2328125 0.0265625 0.0171875
0.0 0.1921875 0.30625 0.040625 0.05625
0.0 0.25625 0.3265625 0.053125 0.0484375
0.0 0.2828125 0.384375 0.090625 0.06875
0.0 0.1421875 0.40625 0.0546875 0.0390625
0.0 0.3734375 0.303125 0.040625 0.0640625
0.0 0.4109375 0.271875 0.05 0.040625
0.0 0.490625 0.3265625 0.025 0.053125
0.0 0.50625 0.321875 0.075 0.028125
0.0 0.478125 0.4375 0.053125 0.0359375
0.0 0.578125 0.490625 0.0359375 0.034375
0.0 0.4640625 0.5296875 0.0390625 0.0171875
0.0 0.5828125 0.59375 0.025 0.040625
0.0 0.6734375 0.48125 0.03125 0.04375
0.0 0.6859375 0.5234375 0.0703125 0.028125
0.0 0.80625 0.5046875 0.034375 0.0203125
0.0 0.74375 0.4046875 0.0234375 0.028125
0.0 0.7375 0.659375 0.065625 0.0203125
0.0 0.7421875 0.6703125 0.021875 0.0828125
0.0 0.6828125 0.61875 0.0390625 0.0453125
0.0 0.7078125 0.6265625 0.0234375 0.028125
0.0 0.575 0.68125 0.09375 0.0265625
0.0 0.5828125 0.64375 0.05625 0.0609375
0.0 0.8015625 0.6640625 0.028125 0.021875
0.0 0.8359375 0.675 0.0296875 0.040625
0.0 0.875 0.684375 0.0171875 0.0234375
0.0 0.9203125 0.6625 0.0234375 0.0578125
0.0 0.9453125 0.703125 0.021875 0.021875
0.0 0.9140625 0.715625 0.0234375 0.0359375
0.0 0.8046875 0.765625 0.0203125 0.01875
0.0 0.8125 0.809375 0.0203125 0.040625
0.0 0.8578125 0.803125 0.0359375 0.0171875
0.0 0.8984375 0.8171875 0.01875 0.021875
0.0 0.5765625 0.8125 0.034375 0.0296875
0.0 0.440625 0.8171875 0.04375 0.021875
0.0 0.4921875 0.73125 0.0453125 0.053125
0.0 0.4015625 0.7109375 0.0453125 0.021875
0.0 0.3453125 0.7421875 0.0578125 0.034375
0.0 0.1640625 0.759375 0.01875 0.0234375
