0.0 0.32 0.0225 0.1 0.045
0.0 0.6175 0.0325 0.145 0.065
0.0 0.44 0.1225 0.17 0.115
0.0 0.68 0.1625 0.07 0.135
0.0 0.8 0.23 0.2 0.11
0.0 0.71 0.33 0.19 0.09
0.0 0.4325 0.3525 0.135 0.165
0.0 0.3125 0.3825 0.085 0.075
0.0 0.2675 0.465 0.085 0.14
0.0 0.055 0.48 0.11 0.09
0.0 0.4425 0.4925 0.175 0.085
0.0 0.9425 0.5175 0.115 0.085
0.0 0.02 0.6425 0.04 0.105
0.0 0.83 0.6925 0.15 0.125
0.0 0.3225 0.7725 0.145 0.175
0.0 0.515 0.815 0.06 0.1
0.0 0.125 0.865 0.09 0.27
0.0 0.705 0.865 0.16 0.24
0.0 0.59 0.89 0.08 0.15
0.0 0.2925 0.9175 0.065 0.115
0.0 0.03 0.96 0.06 0.08
