0.0 0.65625 0.2640625 0.065625 0.0234375
0.0 0.578125 0.265625 0.034375 0.028125
0.0 0.68125 0.321875 0.1078125 0.0203125
0.0 0.6234375 0.378125 0.034375 0.01875
0.0 0.659375 0.3796875 0.040625 0.0625
0.0 0.6453125 0.4796875 0.075 0.0671875
0.0 0.665625 0.5484375 0.0453125 0.0328125
0.0 0.5921875 0.4890625 0.0515625 0.0375
0.0 0.5578125 0.4875 0.0234375 0.0515625
0.0 0.5296875 0.4765625 0.021875 0.04375
0.0 0.5546875 0.5875 0.06875 0.021875
0.0 0.6109375 0.6609375 0.0390625 0.0484375
0.0 0.603125 0.6203125 0.034375 0.05
0.0 0.553125 0.696875 0.025 0.0375
0.0 0.5265625 0.709375 0.0296875 0.0515625
0.0 0.49375 0.6828125 0.05625 0.078125
0.0 0.4390625 0.7171875 0.028125 0.0328125
0.0 0.4390625 0.7765625 0.0265625 0.021875
0.0 0.3671875 0.7703125 0.021875 0.025
0.0 0.3703125 0.6671875 0.0265625 0.0234375
0.0 0.4171875 0.64375 0.0234375 0.028125
0.0 0.4484375 0.6046875 0.03125 0.0375
0.0 0.4265625 0.5765625 0.053125 0.0609375
0.0 0.48125 0.465625 0.021875 0.05
0.0 0.4484375 0.4671875 0.0171875 0.0234375
0.0 0.4984375 0.40625 0.03125 0.03125
0.0 0.5359375 0.38125 0.0546875 0.04375
0.0 0.5578125 0.35 0.034375 0.015625
0.0 0.5625 0.353125 0.0328125 0.096875
0.0 0.5453125 0.290625 0.0515625 0.0234375
0.0 0.5015625 0.29375 0.04375 0.0765625
0.0 0.453125 0.30625 0.015625 0.015625
0.0 0.4171875 0.2875 0.0296875 0.0265625
0.0 0.415625 0.3296875 0.05625 0.0453125
0.0 0.378125 0.3171875 0.0390625 0.0640625
0.0 0.3359375 0.296875 0.065625 0.0640625
0.0 0.41875 0.4046875 0.0578125 0.0328125
0.0 0.3859375 0.4640625 0.0421875 0.0234375
0.0 0.35625 0.5234375 0.034375 0.0453125
0.0 0.3515625 0.5578125 0.065625 0.05
0.0 0.3296875 0.615625 0.0375 0.03125
0.0 0.315625 0.6421875 0.03125 0.028125
0.0 0.2859375 0.6375 0.0234375 0.053125
0.0 0.2578125 0.659375 0.0265625 0.04375
0.0 0.2546875 0.621875 0.0234375 0.0265625
0.0 0.2359375 0.515625 0.04375 0.0421875
