0.0 0.265625 0.2375 0.065625 0.0375
0.0 0.44062500000000004 0.2328125 0.0390625 0.05625
0.0 0.45781249999999996 0.2875 0.0171875 0.0140625
0.0 0.40312499999999996 0.328125 0.0234375 0.0390625
0.0 0.4390625 0.3375 0.0203125 0.0328125
0.0 0.540625 0.2328125 0.0390625 0.046875
0.0 0.603125 0.334375 0.0453125 0.0171875
0.0 0.628125 0.36875 0.0171875 0.0265625
0.0 0.58125 0.3828125 0.03125 0.028125
0.0 0.6734375 0.440625 0.025 0.103125
0.0 0.521875 0.440625 0.0234375 0.034375
0.0 0.553125 0.4375 0.0265625 0.0390625
0.0 0.553125 0.465625 0.05 0.0484375
0.0 0.4921875 0.5046875 0.0625 0.015625
0.0 0.7359375 0.51875 0.06875 0.0484375
0.0 0.621875 0.5609375 0.05625 0.025
0.0 0.609375 0.628125 0.04375 0.025
0.0 0.6703125 0.7796875 0.0171875 0.0265625
0.0 0.65 0.7375 0.03125 0.0296875
0.0 0.6265625 0.7046875 0.071875 0.090625
0.0 0.5578125 0.653125 0.028125 0.040625
0.0 0.528125 0.6359375 0.0453125 0.034375
0.0 0.48124999999999996 0.665625 0.0328125 0.0609375
0.0 0.484375 0.7140625 0.0390625 0.0171875
0.0 0.4609375 0.7453125 0.015625 0.025
0.0 0.503125 0.5828125 0.0203125 0.021875
0.0 0.4765625 0.5484375 0.0484375 0.0375
0.0 0.4390625 0.5359375 0.0296875 0.046875
0.0 0.38593750000000004 0.571875 0.0515625 0.065625
0.0 0.30937499999999996 0.6 0.0328125 0.0484375
0.0 0.3375 0.5203125 0.0453125 0.0234375
0.0 0.27031249999999996 0.5453125 0.0390625 0.0515625
0.0 0.20781249999999996 0.540625 0.06875 0.0484375
0.0 0.14375000000000004 0.5640625 0.040625 0.04375
0.0 0.3421875 0.46875 0.046875 0.0625
0.0 0.3109375 0.478125 0.0265625 0.0234375
0.0 0.27812499999999996 0.4875 0.0484375 0.0734375
0.0 0.24843749999999998 0.440625 0.0609375 0.0421875
0.0 0.3265625 0.4390625 0.0328125 0.0203125
0.0 0.334375 0.4015625 0.103125 0.0265625
0.0 0.36406249999999996 0.3578125 0.015625 0.0171875
0.0 0.30156249999999996 0.35 0.0234375 0.01875
0.0 0.31718749999999996 0.35625 0.075 0.0625
0.0 0.234375 0.3515625 0.0546875 0.03125
0.0 0.2578125 0.31875 0.06875 0.0234375
0.0 0.8515625 0.465625 0.0375 0.0421875
