0.0 0.3109375 0.31875 0.0234375 0.025
0.0 0.4984375 0.3484375 0.0375 0.0453125
0.0 0.23125 0.3546875 0.0265625 0.0296875
0.0 0.4265625 0.39375 0.025 0.0484375
0.0 0.3875 0.4015625 0.0390625 0.075
0.0 0.4265625 0.4390625 0.034375 0.0171875
0.0 0.2140625 0.4484375 0.0265625 0.05
0.0 0.26875 0.4515625 0.034375 0.0453125
0.0 0.503125 0.459375 0.03125 0.0328125
0.0 0.4078125 0.4703125 0.046875 0.028125
0.0 0.1890625 0.4859375 0.0203125 0.03125
0.0 0.2296875 0.496875 0.0328125 0.0484375
0.0 0.4640625 0.5015625 0.0546875 0.0328125
0.0 0.3921875 0.5109375 0.0203125 0.040625
0.0 0.353125 0.534375 0.0640625 0.0359375
0.0 0.7734375 0.5421875 0.0421875 0.0203125
0.0 0.6703125 0.5515625 0.0296875 0.0296875
0.0 0.3796875 0.565625 0.0640625 0.025
0.0 0.6203125 0.5671875 0.021875 0.021875
0.0 0.24375 0.5671875 0.0328125 0.046875
0.0 0.465625 0.571875 0.040625 0.0515625
0.0 0.5046875 0.5828125 0.025 0.0234375
0.0 0.51875 0.609375 0.025 0.040625
0.0 0.596875 0.6125 0.05625 0.0234375
0.0 0.4640625 0.6171875 0.0578125 0.025
0.0 0.721875 0.6171875 0.04375 0.0234375
0.0 0.3 0.6234375 0.0484375 0.0265625
0.0 0.7953125 0.659375 0.05625 0.046875
0.0 0.609375 0.6625 0.034375 0.03125
0.0 0.234375 0.678125 0.059375 0.028125
0.0 0.34375 0.6796875 0.04375 0.034375
0.0 0.7890625 0.696875 0.0234375 0.025
0.0 0.5015625 0.703125 0.04375 0.05
0.0 0.4421875 0.7171875 0.0203125 0.0265625
0.0 0.5640625 0.73125 0.03125 0.084375
0.0 0.384375 0.73125 0.046875 0.0765625
0.0 0.41875 0.7390625 0.0234375 0.05
0.0 0.509375 0.7453125 0.0265625 0.0390625
0.0 0.6234375 0.7625 0.078125 0.0234375
0.0 0.8046875 0.7703125 0.021875 0.0265625
0.0 0.5140625 0.7953125 0.0640625 0.0359375
0.0 0.5015625 0.2203125 0.034375 0.03125
