0.0 0.9725 0.01 0.055 0.02
0.0 0.6 0.0375 0.2 0.055
0.0 0.89 0.06 0.22 0.12
0.0 0.6125 0.09 0.075 0.18
0.0 0.3825 0.115 0.095 0.23
0.0 0.2925 0.17 0.075 0.09
0.0 0.985 0.2025 0.03 0.215
0.0 0.8575 0.225 0.085 0.15
0.0 0.14 0.26 0.19 0.13
0.0 0.3625 0.34 0.225 0.13
0.0 0.35 0.365 0.09 0.19
0.0 0.1875 0.3775 0.265 0.085
0.0 0.6925 0.4275 0.095 0.165
0.0 0.5825 0.4675 0.075 0.105
0.0 0.035 0.4675 0.07 0.205
0.0 0.4125 0.4975 0.125 0.125
0.0 0.795 0.545 0.2 0.24
0.0 0.4325 0.565 0.125 0.1
0.0 0.6325 0.5925 0.115 0.145
0.0 0.5225 0.6075 0.075 0.065
0.0 0.85 0.645 0.11 0.07
0.0 0.77 0.7525 0.2 0.075
0.0 0.56 0.7525 0.35 0.175
0.0 0.9525 0.8075 0.095 0.225
0.0 0.2525 0.8875 0.315 0.215
0.0 0.7375 0.9575 0.235 0.085
0.0 0.22 0.8925 0.15 0.215
0.0 0.2125 0.9925 0.255 0.015
0.0 0.9975 0.975 0.005 0.05
