0.0 0.63 0.12 0.15 0.23
0.0 0.775 0.1525 0.09 0.145
0.0 0.425 0.1375 0.09 0.105
0.0 0.3275 0.22 0.075 0.05
0.0 0.2475 0.155 0.045 0.11
0.0 0.4825 0.29 0.075 0.09
0.0 0.185 0.26 0.11 0.19
0.0 0.0275 0.155 0.055 0.1
0.0 0.03 0.0425 0.06 0.075
0.0 0.0075 0.0175 0.015 0.035
0.0 0.0725 0.9325 0.105 0.065
0.0 0.07 0.85 0.05 0.07
0.0 0.05 0.6175 0.1 0.045
0.0 0.1025 0.5675 0.125 0.165
0.0 0.09 0.7625 0.18 0.225
0.0 0.2125 0.5325 0.045 0.085
0.0 0.2375 0.8925 0.055 0.185
0.0 0.3325 0.97 0.085 0.06
0.0 0.3575 0.9425 0.225 0.115
0.0 0.3325 0.6725 0.135 0.245
0.0 0.3975 0.595 0.065 0.06
0.0 0.5275 0.665 0.115 0.13
0.0 0.4125 0.4275 0.065 0.075
0.0 0.5225 0.53 0.115 0.07
0.0 0.6075 0.435 0.275 0.12
0.0 0.64 0.45 0.19 0.27
0.0 0.6925 0.695 0.145 0.05
0.0 0.8175 0.66 0.165 0.16
0.0 0.7925 0.815 0.155 0.1
0.0 0.725 0.9825 0.1 0.035
