0.0 0.49375 0.2765625 0.0265625 0.0546875
0.0 0.453125 0.290625 0.05 0.0421875
0.0 0.3140625 0.2921875 0.0578125 0.0921875
0.0 0.3984375 0.2984375 0.0234375 0.028125
0.0 0.5359375 0.3109375 0.040625 0.0328125
0.0 0.615625 0.3171875 0.0296875 0.0234375
0.0 0.28125 0.3359375 0.0484375 0.04375
0.0 0.42500000000000004 0.3359375 0.0421875 0.0296875
0.0 0.575 0.3421875 0.065625 0.040625
0.0 0.4984375 0.346875 0.0234375 0.0234375
0.0 0.28437500000000004 0.3734375 0.0578125 0.028125
0.0 0.575 0.3734375 0.065625 0.021875
0.0 0.4671875 0.375 0.075 0.0390625
0.0 0.22187500000000004 0.378125 0.01875 0.0203125
0.0 0.37812500000000004 0.3796875 0.0203125 0.034375
0.0 0.41874999999999996 0.390625 0.05 0.034375
0.0 0.34687500000000004 0.3921875 0.0328125 0.025
0.0 0.4390625 0.425 0.0328125 0.028125
0.0 0.271875 0.428125 0.0359375 0.0203125
0.0 0.675 0.4359375 0.034375 0.053125
0.0 0.7078125 0.4375 0.0265625 0.040625
0.0 0.48750000000000004 0.4390625 0.0859375 0.0640625
0.0 0.37968749999999996 0.453125 0.028125 0.046875
0.0 0.271875 0.459375 0.025 0.0296875
0.0 0.2890625 0.484375 0.0203125 0.0265625
0.0 0.5578125 0.490625 0.0546875 0.05
0.0 0.634375 0.490625 0.0546875 0.034375
0.0 0.490625 0.509375 0.0296875 0.0234375
0.0 0.3609375 0.5140625 0.0875 0.0640625
0.0 0.6125 0.5171875 0.01875 0.0421875
0.0 0.40625 0.546875 0.0265625 0.0734375
0.0 0.49687499999999996 0.553125 0.0265625 0.0390625
0.0 0.34062499999999996 0.571875 0.053125 0.0296875
0.0 0.21406250000000004 0.5796875 0.04375 0.040625
0.0 0.571875 0.5828125 0.0734375 0.0796875
0.0 0.584375 0.5984375 0.0484375 0.05
0.0 0.4828125 0.6296875 0.03125 0.0671875
0.0 0.45781249999999996 0.640625 0.0296875 0.071875
0.0 0.65 0.6421875 0.040625 0.05625
0.0 0.6796875 0.653125 0.015625 0.0296875
0.0 0.70625 0.653125 0.0296875 0.05625
0.0 0.3828125 0.6546875 0.05 0.0796875
0.0 0.553125 0.690625 0.03125 0.0734375
0.0 0.5953125 0.7109375 0.028125 0.0390625
0.0 0.6140625 0.74375 0.0421875 0.05
