0.0 0.25312500000000004 0.215625 0.05625 0.0296875
0.0 0.1953125 0.3265625 0.0140625 0.0171875
0.0 0.2671875 0.3171875 0.025 0.034375
0.0 0.22499999999999998 0.4359375 0.028125 0.0625
0.0 0.18906250000000002 0.5375 0.0421875 0.0984375
0.0 0.28125 0.4734375 0.0265625 0.05625
0.0 0.2890625 0.5921875 0.01875 0.0734375
0.0 0.24687499999999996 0.671875 0.0546875 0.028125
0.0 0.31562500000000004 0.646875 0.015625 0.0265625
0.0 0.42500000000000004 0.5640625 0.025 0.021875
0.0 0.4125 0.5484375 0.0234375 0.0140625
0.0 0.34375 0.521875 0.0640625 0.0484375
0.0 0.36406249999999996 0.6015625 0.0765625 0.040625
0.0 0.3453125 0.61875 0.05 0.096875
0.0 0.4203125 0.6921875 0.03125 0.021875
0.0 0.396875 0.721875 0.0421875 0.040625
0.0 0.5578125 0.690625 0.0203125 0.0234375
0.0 0.5265625 0.6640625 0.0390625 0.0578125
0.0 0.4765625 0.603125 0.0296875 0.0390625
0.0 0.5 0.55625 0.025 0.01875
0.0 0.5171875 0.5640625 0.025 0.0609375
0.0 0.559375 0.6078125 0.0125 0.040625
0.0 0.5859375 0.6140625 0.109375 0.0171875
0.0 0.6203125 0.65 0.053125 0.03125
0.0 0.6734375 0.6921875 0.0484375 0.0578125
0.0 0.7140625 0.5921875 0.021875 0.015625
0.0 0.65625 0.55625 0.01875 0.040625
0.0 0.8328125 0.503125 0.028125 0.053125
0.0 0.5234375 0.4609375 0.05 0.05
0.0 0.528125 0.4375 0.0484375 0.0875
0.0 0.609375 0.40625 0.01875 0.0734375
0.0 0.55625 0.371875 0.0265625 0.053125
0.0 0.478125 0.3890625 0.0234375 0.0828125
0.0 0.41874999999999996 0.3984375 0.0171875 0.0140625
0.0 0.4375 0.334375 0.0515625 0.0390625
0.0 0.4625 0.2953125 0.025 0.03125
0.0 0.41718750000000004 0.3078125 0.021875 0.021875
0.0 0.4078125 0.2671875 0.03125 0.01875
0.0 0.37187499999999996 0.334375 0.015625 0.034375
0.0 0.5953125 0.33125 0.0203125 0.0484375
0.0 0.3765625 0.4578125 0.05625 0.01875
0.0 0.3734375 0.440625 0.0234375 0.0796875
