0.0 0.60625 0.265625 0.0453125 0.028125
0.0 0.921875 0.2703125 0.0296875 0.0296875
0.0 0.49375 0.2921875 0.040625 0.040625
0.0 0.6859375 0.2921875 0.0390625 0.0421875
0.0 0.6328125 0.3078125 0.0484375 0.0375
0.0 0.9625 0.34375 0.0234375 0.0421875
0.0 0.6765625 0.34375 0.01875 0.0296875
0.0 0.23593750000000002 0.3609375 0.0453125 0.015625
0.0 0.871875 0.3640625 0.0578125 0.040625
0.0 0.88125 0.365625 0.021875 0.0921875
0.0 0.728125 0.4125 0.0671875 0.021875
0.0 0.953125 0.421875 0.0421875 0.0375
0.0 0.5484375 0.4296875 0.03125 0.021875
0.0 0.44218749999999996 0.4328125 0.015625 0.01875
0.0 0.6546875 0.4671875 0.0234375 0.0234375
0.0 0.7484375 0.521875 0.0296875 0.0515625
0.0 0.7109375 0.534375 0.0171875 0.0234375
0.0 0.7578125 0.5765625 0.015625 0.0265625
0.0 0.49375 0.5921875 0.03125 0.0953125
0.0 0.7296875 0.603125 0.05 0.03125
0.0 0.6984375 0.1953125 0.0578125 0.0265625
0.0 0.5375 0.196875 0.09375 0.0421875
0.0 0.6328125 0.23125 0.0296875 0.0234375
0.0 0.546875 0.2375 0.021875 0.046875
0.0 0.5140625 0.2515625 0.0203125 0.0234375
