0.0 0.8375 0.0075 0.325 0.015
0.0 0.585 0.0175 0.11 0.035
0.0 0.1975 0.0375 0.155 0.075
0.0 0.3875 0.1375 0.155 0.275
0.0 0.4725 0.1425 0.075 0.285
0.0 0.5825 0.1975 0.075 0.145
0.0 0.905 0.2125 0.19 0.225
0.0 0.715 0.2125 0.08 0.185
0.0 0.88 0.375 0.24 0.51
0.0 0.6125 0.3875 0.135 0.095
0.0 0.8675 0.4275 0.105 0.135
0.0 0.1875 0.4475 0.125 0.315
0.0 0.6875 0.505 0.105 0.21
0.0 0.54 0.5325 0.12 0.135
0.0 0.8775 0.6225 0.125 0.205
0.0 0.34 0.6375 0.29 0.115
0.0 0.02 0.6825 0.04 0.195
0.0 0.4475 0.82 0.165 0.3
0.0 0.2575 0.8975 0.335 0.205
0.0 0.9375 0.9175 0.125 0.165
0.0 0.6225 0.9525 0.145 0.095
0.0 0.22 0.9175 0.13 0.165
0.0 0.9525 0.975 0.095 0.05
0.0 0.8175 0.9775 0.105 0.045
