0.0 0.6546875 0.303125 0.0609375 0.0375
0.0 0.7296875 0.371875 0.0453125 0.03125
0.0 0.6515625 0.3671875 0.0640625 0.0609375
0.0 0.7375 0.40625 0.025 0.0203125
0.0 0.6265625 0.440625 0.0171875 0.0265625
0.0 0.659375 0.440625 0.0421875 0.0625
0.0 0.6125 0.478125 0.0296875 0.0390625
0.0 0.6484375 0.515625 0.021875 0.05
0.0 0.7125 0.5078125 0.0234375 0.01875
0.0 0.7671875 0.4546875 0.021875 0.0265625
0.0 0.7671875 0.5859375 0.0453125 0.0390625
0.0 0.7109375 0.63125 0.0625 0.0234375
0.0 0.6890625 0.6734375 0.025 0.0203125
0.0 0.6140625 0.646875 0.0328125 0.05
0.0 0.5890625 0.621875 0.0296875 0.0609375
0.0 0.5625 0.5609375 0.0203125 0.0328125
0.0 0.49375 0.334375 0.0390625 0.0234375
0.0 0.5453125 0.3890625 0.03125 0.0296875
0.0 0.45625000000000004 0.38125 0.0734375 0.0296875
0.0 0.38125 0.390625 0.028125 0.03125
0.0 0.4359375 0.4203125 0.0390625 0.04375
0.0 0.49687499999999996 0.415625 0.0234375 0.0453125
0.0 0.46875 0.440625 0.0296875 0.0234375
0.0 0.5296875 0.428125 0.021875 0.040625
0.0 0.503125 0.49375 0.0671875 0.05625
0.0 0.48906249999999996 0.5421875 0.034375 0.0359375
0.0 0.4546875 0.5265625 0.0265625 0.01875
0.0 0.40156250000000004 0.5546875 0.025 0.028125
0.0 0.4765625 0.675 0.0484375 0.0296875
0.0 0.521875 0.721875 0.05625 0.03125
0.0 0.40625 0.6671875 0.0515625 0.0421875
0.0 0.38749999999999996 0.621875 0.0515625 0.028125
0.0 0.34062499999999996 0.5140625 0.03125 0.0484375
0.0 0.33281249999999996 0.475 0.03125 0.0296875
0.0 0.2984375 0.521875 0.034375 0.0484375
0.0 0.30000000000000004 0.565625 0.084375 0.0609375
0.0 0.296875 0.653125 0.028125 0.05
0.0 0.3296875 0.6765625 0.0515625 0.05
0.0 0.26875000000000004 0.621875 0.06875 0.0515625
0.0 0.271875 0.66875 0.0375 0.0390625
0.0 0.44843750000000004 0.7875 0.05625 0.046875
0.0 0.334375 0.3921875 0.028125 0.03125
0.0 0.32499999999999996 0.3609375 0.0484375 0.025
0.0 0.815625 0.4734375 0.015625 0.0234375
0.0 0.815625 0.4421875 0.0703125 0.03125
