0.0 0.253125 0.3328125 0.0515625 0.1421875
0.0 0.2640625 0.4578125 0.06875 0.0609375
0.0 0.26875 0.46875 0.059375 0.140625
0.0 0.340625 0.5890625 0.025 0.0828125
0.0 0.29375 0.6265625 0.034375 0.0625
0.0 0.2609375 0.6609375 0.0171875 0.04375
0.0 0.378125 0.6859375 0.0625 0.01875
0.0 0.2765625 0.690625 0.1015625 0.040625
0.0 0.375 0.6984375 0.03125 0.0703125
0.0 0.446875 0.7078125 0.0296875 0.078125
0.0 0.475 0.728125 0.0234375 0.0265625
0.0 0.6921875 0.734375 0.1125 0.1078125
0.0 0.2328125 0.7390625 0.05625 0.0609375
0.0 0.2984375 0.7421875 0.021875 0.040625
0.0 0.521875 0.7546875 0.059375 0.0390625
0.0 0.45625 0.78125 0.0703125 0.0375
0.0 0.621875 0.7859375 0.0546875 0.0578125
0.0 0.6140625 0.7859375 0.0625 0.084375
0.0 0.4578125 0.7875 0.0265625 0.0546875
0.0 0.1953125 0.7890625 0.0453125 0.0546875
0.0 0.50625 0.7921875 0.08125 0.028125
0.0 0.1453125 0.79375 0.0640625 0.0640625
0.0 0.35 0.80625 0.0328125 0.046875
0.0 0.18125 0.8078125 0.0171875 0.028125
0.0 0.14375 0.809375 0.0265625 0.034375
0.0 0.5703125 0.809375 0.0296875 0.0375
0.0 0.3 0.8171875 0.025 0.0203125
