0.0 0.95 0.0 0.1 0.0
0.0 0.885 0.11 0.16 0.07
0.0 0.67 0.0875 0.3 0.175
0.0 0.8875 0.0625 0.225 0.075
0.0 0.6875 0.3175 0.225 0.065
0.0 0.5 0.4225 0.1 0.105
0.0 0.5675 0.3925 0.205 0.285
0.0 0.3075 0.5725 0.095 0.075
0.0 0.3475 0.515 0.135 0.19
0.0 0.5 0.6175 0.14 0.195
0.0 0.675 0.75 0.12 0.06
0.0 0.78 0.77 0.15 0.11
0.0 0.845 0.81 0.08 0.06
0.0 0.7425 0.8875 0.045 0.065
0.0 0.82 0.9825 0.22 0.035
0.0 0.9575 0.9125 0.045 0.045
0.0 0.995 0.8075 0.01 0.045
0.0 0.9725 0.885 0.055 0.08
0.0 0.9625 0.63 0.075 0.11
0.0 0.8025 0.59 0.225 0.11
0.0 0.955 0.57 0.09 0.12
0.0 0.94 0.4675 0.11 0.055
0.0 0.9625 0.3375 0.055 0.035
