0.0 0.5484375 0.2546875 0.06875 0.0453125
0.0 0.47343749999999996 0.4203125 0.0359375 0.065625
0.0 0.271875 0.3796875 0.0296875 0.021875
0.0 0.203125 0.3625 0.05625 0.075
0.0 0.2109375 0.4328125 0.0859375 0.0328125
0.0 0.19374999999999998 0.4765625 0.03125 0.0390625
0.0 0.15625 0.465625 0.0265625 0.03125
0.0 0.16874999999999996 0.496875 0.084375 0.0578125
0.0 0.17031249999999998 0.540625 0.0328125 0.0375
0.0 0.20468750000000002 0.5546875 0.053125 0.01875
0.0 0.11562499999999998 0.578125 0.0296875 0.06875
0.0 0.14687499999999998 0.58125 0.034375 0.084375
0.0 0.17812499999999998 0.6 0.0265625 0.0703125
0.0 0.140625 0.6578125 0.01875 0.046875
0.0 0.18437499999999996 0.7625 0.0296875 0.0625
0.0 0.20937499999999998 0.74375 0.0375 0.0515625
0.0 0.21875 0.7171875 0.059375 0.0453125
0.0 0.21250000000000002 0.6765625 0.021875 0.025
0.0 0.25625 0.69375 0.0375 0.0203125
0.0 0.23906249999999996 0.79375 0.0171875 0.0421875
0.0 0.30937499999999996 0.7015625 0.0203125 0.0203125
0.0 0.32343750000000004 0.6734375 0.0921875 0.0390625
0.0 0.2671875 0.6125 0.0234375 0.0171875
0.0 0.30625 0.5796875 0.040625 0.0515625
0.0 0.3109375 0.509375 0.0421875 0.0703125
0.0 0.31875 0.4796875 0.1046875 0.0671875
0.0 0.25468749999999996 0.503125 0.0265625 0.071875
0.0 0.43125 0.6109375 0.0625 0.034375
0.0 0.44843750000000004 0.640625 0.0640625 0.0453125
0.0 0.49687499999999996 0.5015625 0.0203125 0.05625
0.0 0.4125 0.8109375 0.01875 0.03125
0.0 0.790625 0.54375 0.0515625 0.059375
0.0 0.9390625 0.459375 0.021875 0.0734375
