0.0 0.1515625 0.3625 0.059375 0.01875
0.0 0.08125 0.33125 0.0765625 0.04375
0.0 0.7125 0.378125 0.05625 0.0421875
0.0 0.7125 0.3609375 0.053125 0.078125
0.0 0.7109375 0.4125 0.0265625 0.01875
0.0 0.74375 0.46875 0.0296875 0.04375
0.0 0.7984375 0.50625 0.0484375 0.0515625
0.0 0.6828125 0.45 0.01875 0.0140625
0.0 0.65625 0.475 0.0203125 0.05625
0.0 0.634375 0.4390625 0.0453125 0.0390625
0.0 0.6890625 0.5703125 0.028125 0.0171875
0.0 0.721875 0.59375 0.01875 0.090625
0.0 0.7609375 0.6 0.0421875 0.0375
0.0 0.803125 0.615625 0.0171875 0.0390625
0.0 0.771875 0.6765625 0.01875 0.05
0.0 0.8328125 0.7 0.03125 0.025
0.0 0.71875 0.6953125 0.01875 0.04375
0.0 0.7328125 0.734375 0.0390625 0.0484375
0.0 0.6515625 0.6203125 0.0375 0.01875
0.0 0.6234375 0.640625 0.0296875 0.0234375
0.0 0.565625 0.6203125 0.04375 0.0453125
0.0 0.446875 0.615625 0.04375 0.059375
0.0 0.459375 0.71875 0.025 0.0359375
0.0 0.4453125 0.75625 0.05 0.0203125
0.0 0.459375 0.7828125 0.0140625 0.0140625
0.0 0.41875 0.803125 0.0265625 0.028125
0.0 0.340625 0.7859375 0.025 0.0359375
0.0 0.3046875 0.68125 0.0390625 0.0625
0.0 0.2125 0.784375 0.0421875 0.0296875
0.0 0.0984375 0.796875 0.034375 0.0390625
0.0 0.515625 0.7703125 0.0296875 0.0171875
0.0 0.5578125 0.803125 0.0171875 0.040625
0.0 0.521875 0.80625 0.0453125 0.040625
