0.0 0.3125 0.2765625 0.0203125 0.01875
0.0 0.565625 0.2859375 0.0453125 0.025
0.0 0.540625 0.303125 0.08125 0.0296875
0.0 0.3828125 0.3234375 0.0453125 0.0375
0.0 0.534375 0.3234375 0.0234375 0.0234375
0.0 0.334375 0.325 0.0296875 0.0328125
0.0 0.6578125 0.33125 0.0640625 0.0609375
0.0 0.2515625 0.3328125 0.053125 0.0234375
0.0 0.553125 0.3375 0.028125 0.0234375
0.0 0.5171875 0.3609375 0.05625 0.0390625
0.0 0.66875 0.3953125 0.05625 0.0296875
0.0 0.478125 0.4203125 0.021875 0.0359375
0.0 0.41718750000000004 0.434375 0.0375 0.0171875
0.0 0.7296875 0.440625 0.0203125 0.025
0.0 0.6140625 0.44375 0.01875 0.025
0.0 0.4859375 0.45625 0.0484375 0.0484375
0.0 0.21875 0.459375 0.028125 0.065625
0.0 0.540625 0.465625 0.0296875 0.0453125
0.0 0.54375 0.4671875 0.0640625 0.0296875
0.0 0.27656250000000004 0.46875 0.0359375 0.0234375
0.0 0.29218750000000004 0.4984375 0.0328125 0.0265625
0.0 0.734375 0.5 0.021875 0.021875
0.0 0.7875 0.534375 0.028125 0.05625
0.0 0.528125 0.5359375 0.0234375 0.040625
0.0 0.4296875 0.5390625 0.025 0.0484375
0.0 0.740625 0.5546875 0.0375 0.0515625
0.0 0.8328125 0.5609375 0.0328125 0.04375
0.0 0.7109375 0.5640625 0.0265625 0.03125
0.0 0.3578125 0.56875 0.046875 0.04375
0.0 0.5828125 0.5796875 0.0359375 0.0359375
0.0 0.7609375 0.59375 0.0234375 0.0171875
0.0 0.478125 0.6 0.0546875 0.0515625
0.0 0.590625 0.60625 0.021875 0.0171875
0.0 0.553125 0.628125 0.0421875 0.0390625
0.0 0.715625 0.6640625 0.0328125 0.04375
0.0 0.6109375 0.6703125 0.0328125 0.0203125
0.0 0.5015625 0.703125 0.04375 0.075
0.0 0.459375 0.728125 0.04375 0.025
0.0 0.7140625 0.7578125 0.0328125 0.028125
0.0 0.4 0.765625 0.025 0.046875
0.0 0.6703125 0.7953125 0.0328125 0.0453125
0.0 0.5671875 0.20625 0.0234375 0.0234375
0.0 0.33281249999999996 0.246875 0.0734375 0.0328125
