0.0 0.7125 0.0275 0.135 0.055
0.0 0.96 0.0375 0.08 0.075
0.0 0.865 0.0875 0.22 0.085
0.0 0.1275 0.21 0.255 0.08
0.0 0.8725 0.2275 0.095 0.065
0.0 0.955 0.2975 0.09 0.085
0.0 0.845 0.325 0.07 0.07
0.0 0.6675 0.3975 0.385 0.135
0.0 0.505 0.44 0.14 0.07
0.0 0.625 0.4625 0.15 0.195
0.0 0.4375 0.5125 0.115 0.105
0.0 0.2725 0.57 0.145 0.08
0.0 0.6075 0.59 0.115 0.07
0.0 0.135 0.655 0.27 0.07
0.0 0.575 0.7075 0.14 0.125
0.0 0.47 0.7225 0.11 0.165
0.0 0.7175 0.74 0.065 0.09
0.0 0.8175 0.8075 0.095 0.095
0.0 0.3075 0.82 0.075 0.15
0.0 0.1075 0.8775 0.125 0.105
0.0 0.4225 0.9025 0.105 0.085
0.0 0.8325 0.905 0.185 0.13
0.0 0.985 0.9725 0.03 0.055
0.0 0.05 0.9725 0.1 0.055
