0.0 0.55625 0.2578125 0.0875 0.0421875
0.0 0.4921875 0.2671875 0.03125 0.0515625
0.0 0.45781249999999996 0.275 0.0296875 0.053125
0.0 0.5734375 0.2828125 0.084375 0.034375
0.0 0.690625 0.3765625 0.0265625 0.0703125
0.0 0.6296875 0.3828125 0.025 0.028125
0.0 0.7515625 0.3859375 0.084375 0.0328125
0.0 0.5859375 0.3875 0.0328125 0.071875
0.0 0.5265625 0.390625 0.0203125 0.06875
0.0 0.46562499999999996 0.40625 0.0203125 0.0453125
0.0 0.634375 0.4125 0.0734375 0.053125
0.0 0.7171875 0.475 0.0265625 0.0515625
0.0 0.74375 0.48125 0.0234375 0.053125
0.0 0.4359375 0.5078125 0.1109375 0.0390625
0.0 0.3921875 0.5109375 0.0359375 0.06875
0.0 0.6171875 0.5140625 0.025 0.065625
0.0 0.5296875 0.5296875 0.01875 0.059375
0.0 0.775 0.534375 0.0390625 0.06875
0.0 0.5625 0.5390625 0.025 0.0265625
0.0 0.71875 0.5578125 0.0234375 0.040625
0.0 0.5234375 0.5734375 0.0296875 0.01875
0.0 0.6875 0.5796875 0.028125 0.0203125
0.0 0.6609375 0.5828125 0.0515625 0.0875
0.0 0.56875 0.5921875 0.053125 0.0296875
0.0 0.728125 0.596875 0.0328125 0.025
0.0 0.3671875 0.5984375 0.06875 0.0484375
0.0 0.48750000000000004 0.6078125 0.0515625 0.0328125
0.0 0.6046875 0.625 0.0234375 0.0578125
0.0 0.503125 0.640625 0.0296875 0.028125
0.0 0.56875 0.64375 0.015625 0.034375
0.0 0.5390625 0.65625 0.0234375 0.071875
0.0 0.35624999999999996 0.6578125 0.0375 0.0265625
0.0 0.6890625 0.659375 0.04375 0.059375
0.0 0.30781250000000004 0.6984375 0.1125 0.03125
0.0 0.5859375 0.7 0.03125 0.053125
0.0 0.534375 0.7015625 0.0390625 0.021875
0.0 0.44999999999999996 0.7296875 0.0546875 0.0453125
0.0 0.553125 0.74375 0.0265625 0.0421875
0.0 0.603125 0.746875 0.0234375 0.0625
0.0 0.571875 0.778125 0.0203125 0.040625
0.0 0.49531250000000004 0.7953125 0.025 0.0375
0.0 0.4125 0.8046875 0.0390625 0.04375
0.0 0.5578125 0.21875 0.0359375 0.03125
0.0 0.684375 0.2484375 0.0265625 0.0375
