0.0 0.47968750000000004 0.275 0.01875 0.03125
0.0 0.5671875 0.340625 0.021875 0.0265625
0.0 0.33281249999999996 0.38125 0.0734375 0.0359375
0.0 0.3125 0.4109375 0.021875 0.0171875
0.0 0.565625 0.4203125 0.0421875 0.028125
0.0 0.5375 0.4375 0.0828125 0.0328125
0.0 0.3828125 0.4578125 0.04375 0.0375
0.0 0.534375 0.4578125 0.0234375 0.0234375
0.0 0.334375 0.4609375 0.0296875 0.0359375
0.0 0.6609375 0.4640625 0.0625 0.0609375
0.0 0.2515625 0.4671875 0.0515625 0.021875
0.0 0.553125 0.46875 0.0296875 0.0234375
0.0 0.51875 0.49375 0.0578125 0.040625
0.0 0.66875 0.5265625 0.0578125 0.0234375
0.0 0.4765625 0.5546875 0.0234375 0.0375
0.0 0.4140625 0.56875 0.0359375 0.0203125
0.0 0.7296875 0.575 0.01875 0.0234375
0.0 0.6140625 0.578125 0.0203125 0.025
0.0 0.4859375 0.590625 0.0484375 0.046875
0.0 0.21875 0.5921875 0.025 0.0625
0.0 0.5390625 0.6 0.0296875 0.04375
0.0 0.5421875 0.6015625 0.065625 0.0328125
0.0 0.27812499999999996 0.603125 0.0328125 0.0234375
0.0 0.29374999999999996 0.6328125 0.0390625 0.025
0.0 0.734375 0.634375 0.0265625 0.01875
0.0 0.7859375 0.6671875 0.028125 0.0578125
0.0 0.528125 0.6703125 0.0234375 0.0375
0.0 0.43125 0.671875 0.025 0.046875
0.0 0.7390625 0.6859375 0.0375 0.0515625
0.0 0.8296875 0.69375 0.0359375 0.04375
0.0 0.7109375 0.6984375 0.025 0.0328125
0.0 0.3578125 0.7046875 0.04375 0.040625
0.0 0.5828125 0.7125 0.0390625 0.034375
0.0 0.7625 0.728125 0.021875 0.025
0.0 0.478125 0.734375 0.05625 0.0515625
0.0 0.5890625 0.7421875 0.01875 0.0171875
0.0 0.553125 0.7609375 0.0421875 0.0390625
0.0 0.7140625 0.7984375 0.034375 0.0359375
0.0 0.6109375 0.803125 0.0328125 0.021875
0.0 0.4921875 0.8140625 0.025 0.028125
0.0 0.44062500000000004 0.196875 0.015625 0.0234375
0.0 0.43437499999999996 0.21875 0.0421875 0.046875
0.0 0.46875 0.2234375 0.0265625 0.0375
