0.0 0.8140625 0.24375 0.0703125 0.0796875
0.0 0.7234375 0.29375 0.0546875 0.021875
0.0 0.9109375 0.321875 0.0265625 0.03125
0.0 0.809375 0.3515625 0.034375 0.0953125
0.0 0.775 0.43125 0.0453125 0.0703125
0.0 0.5875 0.3109375 0.05625 0.0234375
0.0 0.51875 0.3828125 0.0171875 0.053125
0.0 0.5453125 0.4109375 0.034375 0.0265625
0.0 0.48750000000000004 0.3546875 0.0265625 0.0546875
0.0 0.44999999999999996 0.375 0.0296875 0.034375
0.0 0.44999999999999996 0.4453125 0.028125 0.0234375
0.0 0.4 0.4640625 0.0265625 0.015625
0.0 0.459375 0.525 0.021875 0.025
0.0 0.525 0.490625 0.0203125 0.01875
0.0 0.49375 0.578125 0.0171875 0.0234375
0.0 0.459375 0.6421875 0.0265625 0.03125
0.0 0.4765625 0.6171875 0.0234375 0.021875
0.0 0.5078125 0.6515625 0.025 0.0140625
0.0 0.5171875 0.603125 0.028125 0.028125
0.0 0.56875 0.6765625 0.0703125 0.0484375
0.0 0.5546875 0.5859375 0.0203125 0.0171875
0.0 0.5796875 0.575 0.0515625 0.01875
0.0 0.5828125 0.51875 0.0296875 0.0484375
0.0 0.6140625 0.5359375 0.03125 0.0625
0.0 0.6375 0.525 0.028125 0.0796875
0.0 0.6640625 0.5046875 0.0421875 0.034375
0.0 0.6765625 0.559375 0.03125 0.01875
0.0 0.7046875 0.609375 0.0328125 0.0703125
0.0 0.7328125 0.5265625 0.0390625 0.0984375
0.0 0.721875 0.4734375 0.0171875 0.0234375
0.0 0.703125 0.4859375 0.0203125 0.1015625
0.0 0.6609375 0.4359375 0.0453125 0.0609375
0.0 0.625 0.453125 0.053125 0.0390625
0.0 0.6046875 0.7578125 0.0328125 0.053125
0.0 0.625 0.8 0.0421875 0.025
0.0 0.6953125 0.7703125 0.0359375 0.03125
0.0 0.675 0.790625 0.0390625 0.0609375
0.0 0.6546875 0.8203125 0.01875 0.0140625
