0.0 0.4421875 0.2078125 0.0625 0.0421875
0.0 0.4515625 0.25625 0.0328125 0.0671875
0.0 0.475 0.3015625 0.0234375 0.034375
0.0 0.5046875 0.35625 0.046875 0.046875
0.0 0.5546875 0.4 0.0828125 0.078125
0.0 0.5234375 0.5390625 0.0171875 0.053125
0.0 0.503125 0.5078125 0.1140625 0.0328125
0.0 0.4546875 0.4734375 0.0609375 0.025
0.0 0.4203125 0.3203125 0.015625 0.021875
0.0 0.4390625 0.35 0.025 0.0265625
0.0 0.4140625 0.3953125 0.0421875 0.0828125
0.0 0.35625 0.2328125 0.06875 0.0921875
0.0 0.3234375 0.2921875 0.0203125 0.0265625
0.0 0.3609375 0.3296875 0.0390625 0.0609375
0.0 0.3171875 0.359375 0.028125 0.015625
0.0 0.303125 0.3015625 0.0171875 0.0359375
0.0 0.2875 0.26875 0.0265625 0.04375
0.0 0.246875 0.3109375 0.021875 0.0234375
0.0 0.26875 0.3125 0.0140625 0.025
0.0 0.2859375 0.3703125 0.0578125 0.04375
0.0 0.3546875 0.390625 0.04375 0.0171875
0.0 0.3625 0.4578125 0.0265625 0.0421875
0.0 0.4 0.4375 0.0375 0.0453125
0.0 0.4234375 0.53125 0.0296875 0.0375
0.0 0.4421875 0.5765625 0.090625 0.046875
0.0 0.384375 0.6296875 0.0390625 0.0359375
0.0 0.3953125 0.6375 0.0859375 0.05
0.0 0.3890625 0.6671875 0.08125 0.0453125
0.0 0.2984375 0.703125 0.0375 0.0421875
0.0 0.265625 0.659375 0.015625 0.025
0.0 0.3234375 0.6015625 0.01875 0.0234375
0.0 0.3546875 0.5515625 0.053125 0.0484375
0.0 0.3 0.5890625 0.0234375 0.084375
0.0 0.2609375 0.571875 0.01875 0.0234375
0.0 0.275 0.6171875 0.0765625 0.1015625
0.0 0.184375 0.5828125 0.0734375 0.034375
0.0 0.190625 0.5796875 0.0375 0.0609375
0.0 0.1890625 0.5359375 0.025 0.0734375
0.0 0.1953125 0.5109375 0.053125 0.040625
0.0 0.2421875 0.53125 0.0203125 0.03125
0.0 0.2734375 0.4890625 0.021875 0.04375
0.0 0.2453125 0.5046875 0.078125 0.059375
0.0 0.184375 0.4625 0.028125 0.0578125
0.0 0.171875 0.4109375 0.046875 0.0234375
0.0 0.1515625 0.3359375 0.0625 0.028125
0.0 0.146875 0.390625 0.028125 0.0171875
0.0 0.2078125 0.34375 0.01875 0.065625
0.0 0.3390625 0.484375 0.028125 0.0421875
