0.0 0.76 0.0 0.11 0.0
0.0 0.9375 0.12 0.125 0.24
0.0 0.8675 0.125 0.075 0.25
0.0 0.76 0.1625 0.07 0.145
0.0 0.405 0.1775 0.26 0.225
0.0 0.63 0.1775 0.08 0.185
0.0 0.4525 0.34 0.255 0.51
0.0 0.7275 0.3525 0.135 0.095
0.0 0.4725 0.3925 0.105 0.135
0.0 0.6525 0.47 0.105 0.21
0.0 0.805 0.4975 0.12 0.135
0.0 0.165 0.5125 0.22 0.375
0.0 0.465 0.5875 0.12 0.205
0.0 0.93 0.6025 0.14 0.115
0.0 0.8925 0.785 0.165 0.3
0.0 0.9575 0.88 0.085 0.24
0.0 0.3475 0.9 0.245 0.2
0.0 0.7175 0.935 0.145 0.13
0.0 0.365 0.9575 0.14 0.085
0.0 0.5225 0.96 0.105 0.08
