0.0 0.3921875 0.29375 0.0265625 0.028125
0.0 0.359375 0.3125 0.0609375 0.0265625
0.0 0.328125 0.3578125 0.0265625 0.034375
0.0 0.4046875 0.3375 0.0171875 0.0203125
0.0 0.4390625 0.334375 0.0234375 0.04375
0.0 0.3984375 0.384375 0.028125 0.028125
0.0 0.3890625 0.3625 0.0546875 0.0234375
0.0 0.31718749999999996 0.3921875 0.0453125 0.0296875
0.0 0.34375 0.4359375 0.034375 0.040625
0.0 0.3046875 0.4765625 0.040625 0.0296875
0.0 0.26093750000000004 0.5140625 0.0203125 0.053125
0.0 0.2984375 0.571875 0.0421875 0.03125
0.0 0.30156249999999996 0.6203125 0.0375 0.0375
0.0 0.33281249999999996 0.6921875 0.028125 0.04375
0.0 0.396875 0.6625 0.028125 0.04375
0.0 0.44843750000000004 0.7 0.0203125 0.01875
0.0 0.4046875 0.6203125 0.05625 0.03125
0.0 0.40156250000000004 0.575 0.0515625 0.0265625
0.0 0.390625 0.5515625 0.059375 0.025
0.0 0.4203125 0.528125 0.021875 0.0265625
0.0 0.35468750000000004 0.528125 0.0484375 0.046875
0.0 0.39375000000000004 0.4890625 0.025 0.0203125
0.0 0.37187499999999996 0.4828125 0.0390625 0.0375
0.0 0.36875 0.465625 0.0625 0.0578125
0.0 0.428125 0.4234375 0.0203125 0.0484375
0.0 0.43125 0.46875 0.0328125 0.078125
0.0 0.46562499999999996 0.4609375 0.0265625 0.04375
0.0 0.4609375 0.521875 0.021875 0.0203125
0.0 0.49375 0.540625 0.0171875 0.0203125
0.0 0.515625 0.4890625 0.046875 0.0359375
0.0 0.5109375 0.5171875 0.0765625 0.0296875
0.0 0.5046875 0.5890625 0.0359375 0.0203125
0.0 0.4921875 0.6359375 0.0328125 0.025
0.0 0.5203125 0.646875 0.0359375 0.025
0.0 0.546875 0.5609375 0.01875 0.028125
0.0 0.5859375 0.5125 0.034375 0.0234375
0.0 0.6203125 0.5640625 0.025 0.03125
0.0 0.6234375 0.51875 0.0171875 0.01875
0.0 0.6765625 0.534375 0.0125 0.0265625
0.0 0.6921875 0.459375 0.025 0.046875
0.0 0.60625 0.425 0.0296875 0.0359375
0.0 0.575 0.4296875 0.015625 0.03125
0.0 0.5546875 0.425 0.0203125 0.0359375
0.0 0.559375 0.4578125 0.0140625 0.021875
0.0 0.5203125 0.4234375 0.05 0.0578125
0.0 0.49375 0.4078125 0.0375 0.0859375
