0.0 0.3828125 0.275 0.025 0.03125
0.0 0.55625 0.2859375 0.0421875 0.0703125
0.0 0.45 0.3046875 0.084375 0.0453125
0.0 0.3421875 0.321875 0.0390625 0.04375
0.0 0.2984375 0.33125 0.0390625 0.0609375
0.0 0.509375 0.33125 0.06875 0.0265625
0.0 0.7390625 0.36875 0.0796875 0.025
0.0 0.50625 0.375 0.0296875 0.0203125
0.0 0.3578125 0.3828125 0.0625 0.025
0.0 0.4796875 0.396875 0.0296875 0.0265625
0.0 0.515625 0.4046875 0.021875 0.021875
0.0 0.2296875 0.415625 0.0328125 0.046875
0.0 0.359375 0.4203125 0.01875 0.0328125
0.0 0.5703125 0.428125 0.1203125 0.0421875
0.0 0.31875 0.4359375 0.0609375 0.0328125
0.0 0.621875 0.440625 0.04375 0.021875
0.0 0.390625 0.446875 0.059375 0.0328125
0.0 0.584375 0.4484375 0.046875 0.0609375
0.0 0.6421875 0.4640625 0.034375 0.0328125
0.0 0.69375 0.48125 0.0453125 0.025
0.0 0.5890625 0.4875 0.0359375 0.021875
0.0 0.3046875 0.4875 0.0640625 0.0375
0.0 0.2140625 0.5015625 0.021875 0.025
0.0 0.7375 0.5078125 0.0859375 0.021875
0.0 0.6 0.525 0.04375 0.0390625
0.0 0.6328125 0.5296875 0.034375 0.0515625
0.0 0.2484375 0.5328125 0.03125 0.1125
0.0 0.5546875 0.534375 0.0203125 0.028125
0.0 0.2171875 0.540625 0.021875 0.0359375
0.0 0.3578125 0.5484375 0.0390625 0.028125
0.0 0.40625 0.55 0.0671875 0.0546875
0.0 0.5234375 0.55625 0.0296875 0.0296875
0.0 0.6828125 0.559375 0.0234375 0.046875
0.0 0.7453125 0.578125 0.0390625 0.0328125
0.0 0.646875 0.5859375 0.0328125 0.0265625
0.0 0.51875 0.5859375 0.059375 0.040625
0.0 0.2890625 0.5921875 0.0484375 0.05625
0.0 0.2171875 0.6015625 0.0875 0.046875
0.0 0.45625 0.61875 0.0390625 0.040625
0.0 0.771875 0.63125 0.0484375 0.0640625
0.0 0.3453125 0.634375 0.0515625 0.04375
0.0 0.4046875 0.6375 0.0609375 0.0921875
0.0 0.7046875 0.6390625 0.06875 0.04375
0.0 0.321875 0.665625 0.1234375 0.04375
0.0 0.6375 0.6703125 0.0375 0.0453125
0.0 0.559375 0.6859375 0.071875 0.0296875
0.0 0.4125 0.6984375 0.034375 0.025
