0.0 0.39531249999999996 0.265625 0.0375 0.040625
0.0 0.6140625 0.271875 0.05 0.025
0.0 0.49531250000000004 0.2765625 0.034375 0.0578125
0.0 0.6453125 0.30625 0.03125 0.0328125
0.0 0.8171875 0.3171875 0.040625 0.028125
0.0 0.421875 0.321875 0.025 0.0265625
0.0 0.32499999999999996 0.3328125 0.0234375 0.0625
0.0 0.4671875 0.3421875 0.034375 0.01875
0.0 0.5171875 0.3484375 0.0265625 0.034375
0.0 0.690625 0.3546875 0.021875 0.028125
0.0 0.6953125 0.3734375 0.046875 0.0328125
0.0 0.2828125 0.378125 0.01875 0.028125
0.0 0.7546875 0.378125 0.0390625 0.028125
0.0 0.22812500000000002 0.4 0.0375 0.059375
0.0 0.5875 0.403125 0.0390625 0.0515625
0.0 0.528125 0.4125 0.090625 0.053125
0.0 0.2890625 0.4171875 0.040625 0.0796875
0.0 0.48906249999999996 0.425 0.040625 0.021875
0.0 0.6359375 0.425 0.03125 0.0671875
0.0 0.23124999999999996 0.4390625 0.0375 0.05
0.0 0.3046875 0.453125 0.0390625 0.0359375
0.0 0.7578125 0.46875 0.090625 0.034375
0.0 0.684375 0.4875 0.0328125 0.0375
0.0 0.609375 0.4984375 0.028125 0.0515625
0.0 0.5484375 0.5078125 0.028125 0.05625
0.0 0.49375 0.5109375 0.034375 0.0296875
0.0 0.5578125 0.51875 0.0578125 0.0234375
0.0 0.41093749999999996 0.521875 0.0203125 0.028125
0.0 0.4234375 0.5453125 0.0484375 0.028125
0.0 0.37812500000000004 0.559375 0.0234375 0.0484375
0.0 0.5625 0.5609375 0.021875 0.034375
0.0 0.7171875 0.5609375 0.04375 0.0421875
0.0 0.721875 0.6015625 0.03125 0.0359375
0.0 0.41093749999999996 0.6375 0.0390625 0.04375
0.0 0.5875 0.653125 0.05 0.0359375
0.0 0.65 0.6546875 0.028125 0.03125
0.0 0.40156250000000004 0.671875 0.0296875 0.0265625
0.0 0.41874999999999996 0.7203125 0.0453125 0.025
0.0 0.5859375 0.7328125 0.0734375 0.0546875
0.0 0.37187499999999996 0.740625 0.0328125 0.0640625
0.0 0.55 0.775 0.025 0.046875
0.0 0.6265625 0.2203125 0.0265625 0.021875
0.0 0.7015625 0.2515625 0.075 0.034375
