0.0 0.6265625 0.265625 0.0421875 0.021875
0.0 0.6171875 0.246875 0.034375 0.0796875
0.0 0.546875 0.234375 0.028125 0.028125
0.0 0.5515625 0.2671875 0.0953125 0.0796875
0.0 0.4625 0.2796875 0.021875 0.021875
0.0 0.4234375 0.2484375 0.021875 0.015625
0.0 0.428125 0.221875 0.0765625 0.0375
0.0 0.459375 0.2640625 0.08125 0.0546875
0.0 0.409375 0.265625 0.0234375 0.015625
0.0 0.3375 0.240625 0.046875 0.0453125
0.0 0.365625 0.259375 0.05625 0.0515625
0.0 0.271875 0.3546875 0.0390625 0.0453125
0.0 0.1984375 0.43125 0.0265625 0.034375
0.0 0.2640625 0.4375 0.0625 0.0296875
0.0 0.1953125 0.4625 0.0453125 0.0515625
0.0 0.2140625 0.4953125 0.034375 0.0296875
0.0 0.2171875 0.5359375 0.046875 0.0296875
0.0 0.29375 0.525 0.0609375 0.0421875
0.0 0.2859375 0.515625 0.034375 0.0578125
0.0 0.2734375 0.5046875 0.0625 0.05625
0.0 0.209375 0.5875 0.0203125 0.059375
0.0 0.2484375 0.5796875 0.053125 0.025
0.0 0.29375 0.6 0.0390625 0.0296875
0.0 0.3265625 0.5515625 0.0171875 0.04375
0.0 0.35625 0.58125 0.0359375 0.03125
0.0 0.3390625 0.6 0.0203125 0.0375
0.0 0.3390625 0.634375 0.0703125 0.0578125
0.0 0.2625 0.68125 0.0421875 0.0671875
0.0 0.40625 0.6578125 0.028125 0.0765625
0.0 0.4515625 0.665625 0.025 0.04375
0.0 0.4609375 0.7234375 0.021875 0.021875
0.0 0.48125 0.721875 0.04375 0.0890625
0.0 0.4421875 0.728125 0.0390625 0.103125
0.0 0.4125 0.7265625 0.0703125 0.0296875
0.0 0.41875 0.765625 0.0484375 0.0453125
0.0 0.3984375 0.778125 0.065625 0.0953125
0.0 0.4703125 0.4578125 0.0234375 0.05625
0.0 0.5140625 0.521875 0.01875 0.0296875
0.0 0.5328125 0.5421875 0.0265625 0.0375
0.0 0.553125 0.50625 0.0609375 0.028125
0.0 0.5609375 0.5125 0.028125 0.0921875
0.0 0.628125 0.54375 0.0359375 0.053125
0.0 0.6109375 0.6015625 0.021875 0.0609375
0.0 0.5796875 0.5875 0.0359375 0.0609375
0.0 0.5484375 0.5828125 0.046875 0.05
