0.0 0.4453125 0.2546875 0.053125 0.021875
0.0 0.53125 0.215625 0.05 0.046875
0.0 0.546875 0.2421875 0.0203125 0.01875
0.0 0.584375 0.2484375 0.040625 0.0484375
0.0 0.6796875 0.2421875 0.0828125 0.021875
0.0 0.60625 0.3 0.0234375 0.0296875
0.0 0.653125 0.2578125 0.096875 0.046875
0.0 0.7390625 0.28125 0.090625 0.040625
0.0 0.6703125 0.3078125 0.0421875 0.0171875
0.0 0.6640625 0.33125 0.053125 0.028125
0.0 0.7390625 0.328125 0.071875 0.0390625
0.0 0.8234375 0.31875 0.0234375 0.0140625
0.0 0.8140625 0.34375 0.0546875 0.01875
0.0 0.703125 0.3640625 0.034375 0.01875
0.0 0.69375 0.390625 0.04375 0.01875
0.0 0.546875 0.35 0.0265625 0.0390625
0.0 0.490625 0.2953125 0.0265625 0.01875
0.0 0.534375 0.31875 0.0375 0.021875
0.0 0.4984375 0.3515625 0.0328125 0.028125
0.0 0.525 0.396875 0.0265625 0.034375
0.0 0.4703125 0.421875 0.046875 0.040625
0.0 0.475 0.359375 0.0609375 0.0796875
0.0 0.36406249999999996 0.3546875 0.0640625 0.0234375
0.0 0.34843749999999996 0.3859375 0.0640625 0.025
0.0 0.35468750000000004 0.4625 0.046875 0.0484375
0.0 0.328125 0.5125 0.0515625 0.03125
0.0 0.21718749999999998 0.553125 0.0265625 0.025
0.0 0.10624999999999996 0.5875 0.015625 0.0234375
0.0 0.23281249999999998 0.59375 0.071875 0.0484375
0.0 0.3671875 0.521875 0.0203125 0.01875
0.0 0.321875 0.5578125 0.0671875 0.05
0.0 0.334375 0.58125 0.0234375 0.053125
0.0 0.290625 0.61875 0.0390625 0.053125
0.0 0.34843749999999996 0.61875 0.015625 0.0578125
0.0 0.36250000000000004 0.6203125 0.0140625 0.0265625
0.0 0.37968749999999996 0.6515625 0.021875 0.0921875
0.0 0.30625 0.6765625 0.05 0.0234375
0.0 0.4546875 0.7 0.0671875 0.021875
0.0 0.42656249999999996 0.63125 0.03125 0.0234375
0.0 0.421875 0.5859375 0.0328125 0.0203125
0.0 0.4078125 0.565625 0.0546875 0.015625
0.0 0.4375 0.5328125 0.03125 0.03125
0.0 0.475 0.4828125 0.0375 0.025
0.0 0.47187500000000004 0.4546875 0.0640625 0.0296875
0.0 0.421875 0.45625 0.015625 0.0203125
0.0 0.47187500000000004 0.725 0.03125 0.06875
