0.0 0.5234375 0.3125 0.0296875 0.0203125
0.0 0.42656249999999996 0.3296875 0.0203125 0.03125
0.0 0.4671875 0.3515625 0.0421875 0.0875
0.0 0.5171875 0.34375 0.0578125 0.025
0.0 0.384375 0.353125 0.0625 0.0265625
0.0 0.4078125 0.3828125 0.0828125 0.0265625
0.0 0.4140625 0.4125 0.0203125 0.0328125
0.0 0.36875 0.4453125 0.0265625 0.0265625
0.0 0.39375000000000004 0.434375 0.01875 0.0234375
0.0 0.36875 0.4125 0.0265625 0.0234375
0.0 0.3140625 0.459375 0.015625 0.0203125
0.0 0.3375 0.4390625 0.0265625 0.05
0.0 0.3375 0.5046875 0.0328125 0.04375
0.0 0.3671875 0.5015625 0.021875 0.015625
0.0 0.3921875 0.540625 0.0359375 0.021875
0.0 0.4234375 0.5328125 0.015625 0.0171875
0.0 0.45625000000000004 0.4546875 0.0234375 0.021875
0.0 0.44218749999999996 0.434375 0.0453125 0.0390625
0.0 0.40625 0.49375 0.0875 0.0484375
0.0 0.45781249999999996 0.484375 0.0546875 0.03125
0.0 0.4921875 0.4640625 0.0296875 0.028125
0.0 0.4921875 0.425 0.040625 0.0421875
0.0 0.5734375 0.365625 0.05 0.03125
0.0 0.534375 0.390625 0.04375 0.0390625
0.0 0.5484375 0.434375 0.0515625 0.0359375
0.0 0.6078125 0.4125 0.03125 0.0625
0.0 0.58125 0.471875 0.0375 0.0328125
0.0 0.534375 0.46875 0.021875 0.03125
0.0 0.521875 0.51875 0.0171875 0.025
0.0 0.4828125 0.5203125 0.0296875 0.021875
0.0 0.4515625 0.571875 0.0203125 0.0671875
0.0 0.4765625 0.58125 0.0203125 0.025
0.0 0.5 0.5578125 0.0359375 0.0296875
0.0 0.3671875 0.6265625 0.0265625 0.0671875
0.0 0.40312499999999996 0.6265625 0.0234375 0.0625
0.0 0.4296875 0.6015625 0.0234375 0.05
0.0 0.4390625 0.6796875 0.034375 0.0640625
0.0 0.47968750000000004 0.6421875 0.015625 0.0234375
0.0 0.4921875 0.696875 0.05 0.03125
0.0 0.5078125 0.625 0.0234375 0.0625
0.0 0.5390625 0.646875 0.0234375 0.0390625
0.0 0.5546875 0.596875 0.0609375 0.0546875
0.0 0.5578125 0.521875 0.0203125 0.0203125
0.0 0.5875 0.5421875 0.05625 0.0765625
0.0 0.6203125 0.5515625 0.0390625 0.021875
0.0 0.6171875 0.5984375 0.03125 0.0359375
0.0 0.653125 0.571875 0.0140625 0.0203125
