0.0 0.4725 0.005 0.085 0.01
0.0 0.385 0.02 0.08 0.04
0.0 0.3175 0.08 0.125 0.15
0.0 0.0325 0.1025 0.065 0.205
0.0 0.5775 0.2775 0.075 0.165
0.0 0.1225 0.49 0.145 0.07
0.0 0.005 0.5375 0.01 0.115
0.0 0.2725 0.5975 0.065 0.065
0.0 0.3475 0.615 0.075 0.07
0.0 0.0975 0.6175 0.145 0.065
0.0 0.3925 0.62 0.195 0.21
0.0 0.1975 0.69 0.085 0.09
0.0 0.09 0.6925 0.07 0.075
0.0 0.0375 0.745 0.075 0.17
0.0 0.36 0.805 0.07 0.16
0.0 0.1575 0.8175 0.135 0.125
0.0 0.1625 0.9325 0.065 0.135
0.0 0.06 0.9625 0.12 0.075
0.0 0.255 0.9925 0.16 0.015
