0.0 0.5234375 0.215625 0.025 0.03125
0.0 0.484375 0.275 0.021875 0.0203125
0.0 0.5890625 0.271875 0.0390625 0.0796875
0.0 0.5375 0.33125 0.04375 0.053125
0.0 0.35 0.3109375 0.0453125 0.0453125
0.0 0.35 0.38125 0.0203125 0.028125
0.0 0.3828125 0.38125 0.0328125 0.0421875
0.0 0.35 0.4375 0.034375 0.040625
0.0 0.390625 0.4234375 0.01875 0.01875
0.0 0.4296875 0.4203125 0.040625 0.0515625
0.0 0.4859375 0.3859375 0.0359375 0.028125
0.0 0.459375 0.4296875 0.0203125 0.01875
0.0 0.459375 0.4875 0.0234375 0.0421875
0.0 0.48906249999999996 0.45625 0.015625 0.0234375
0.0 0.5203125 0.471875 0.015625 0.021875
0.0 0.30156249999999996 0.5234375 0.0171875 0.046875
0.0 0.33125000000000004 0.5265625 0.0296875 0.059375
0.0 0.334375 0.5984375 0.04375 0.0296875
0.0 0.38749999999999996 0.5640625 0.021875 0.034375
0.0 0.4140625 0.575 0.0234375 0.0609375
0.0 0.44218749999999996 0.5296875 0.034375 0.0171875
0.0 0.44999999999999996 0.5890625 0.01875 0.05
0.0 0.3921875 0.6265625 0.015625 0.03125
0.0 0.43125 0.6390625 0.0140625 0.015625
0.0 0.47968750000000004 0.634375 0.040625 0.0203125
0.0 0.4828125 0.684375 0.04375 0.03125
0.0 0.5546875 0.70625 0.0625 0.028125
0.0 0.6421875 0.6265625 0.0359375 0.040625
0.0 0.7 0.6421875 0.0203125 0.0546875
0.0 0.6578125 0.5796875 0.059375 0.04375
0.0 0.60625 0.5875 0.028125 0.0453125
0.0 0.5703125 0.58125 0.0453125 0.06875
0.0 0.5265625 0.5828125 0.0203125 0.0265625
0.0 0.5703125 0.5359375 0.025 0.01875
0.0 0.5125 0.5265625 0.053125 0.0484375
0.0 0.6765625 0.4984375 0.01875 0.028125
0.0 0.7171875 0.509375 0.040625 0.08125
0.0 0.73125 0.3953125 0.01875 0.0453125
0.0 0.628125 0.3921875 0.0359375 0.0171875
0.0 0.6140625 0.434375 0.0203125 0.0296875
0.0 0.578125 0.4515625 0.0265625 0.0703125
0.0 0.5765625 0.4546875 0.0625 0.03125
0.0 0.625 0.359375 0.0890625 0.04375
0.0 0.6375 0.353125 0.0359375 0.046875
0.0 0.771875 0.3203125 0.015625 0.015625
