0.0 0.6890625 0.31875 0.0234375 0.025
0.0 0.5015625 0.3484375 0.0375 0.0453125
0.0 0.76875 0.3546875 0.0265625 0.0296875
0.0 0.5734375 0.39375 0.025 0.0484375
0.0 0.6125 0.4015625 0.0390625 0.075
0.0 0.5734375 0.4390625 0.034375 0.0171875
0.0 0.7859375 0.4484375 0.0265625 0.05
0.0 0.73125 0.4515625 0.034375 0.0453125
0.0 0.49687499999999996 0.459375 0.03125 0.0328125
0.0 0.5921875 0.4703125 0.046875 0.028125
0.0 0.8109375 0.4859375 0.0203125 0.03125
0.0 0.7703125 0.496875 0.0328125 0.0484375
0.0 0.5359375 0.5015625 0.0546875 0.0328125
0.0 0.6078125 0.5109375 0.0203125 0.040625
0.0 0.646875 0.534375 0.0640625 0.0359375
0.0 0.2265625 0.5421875 0.0421875 0.0203125
0.0 0.3296875 0.5515625 0.0296875 0.0296875
0.0 0.6203125 0.565625 0.0640625 0.025
0.0 0.37968749999999996 0.5671875 0.021875 0.021875
0.0 0.75625 0.5671875 0.0328125 0.046875
0.0 0.534375 0.571875 0.040625 0.0515625
0.0 0.49531250000000004 0.5828125 0.025 0.0234375
0.0 0.48124999999999996 0.609375 0.025 0.040625
0.0 0.40312499999999996 0.6125 0.05625 0.0234375
0.0 0.5359375 0.6171875 0.0578125 0.025
0.0 0.27812499999999996 0.6171875 0.04375 0.0234375
0.0 0.7 0.6234375 0.0484375 0.0265625
0.0 0.20468750000000002 0.659375 0.05625 0.046875
0.0 0.390625 0.6625 0.034375 0.03125
0.0 0.765625 0.678125 0.059375 0.028125
0.0 0.65625 0.6796875 0.04375 0.034375
0.0 0.2109375 0.696875 0.0234375 0.025
0.0 0.4984375 0.703125 0.04375 0.05
0.0 0.5578125 0.7171875 0.0203125 0.0265625
0.0 0.4359375 0.73125 0.03125 0.084375
0.0 0.615625 0.73125 0.046875 0.0765625
0.0 0.58125 0.7390625 0.0234375 0.05
0.0 0.490625 0.7453125 0.0265625 0.0390625
0.0 0.3765625 0.7625 0.078125 0.0234375
0.0 0.1953125 0.7703125 0.021875 0.0265625
0.0 0.4859375 0.7953125 0.0640625 0.0359375
0.0 0.4984375 0.2203125 0.034375 0.03125
