0.0 0.2328125 0.2578125 0.0234375 0.0296875
0.0 0.4265625 0.2953125 0.0203125 0.05
0.0 0.3890625 0.30625 0.0375 0.0796875
0.0 0.4265625 0.3421875 0.0359375 0.021875
0.0 0.2140625 0.3515625 0.021875 0.053125
0.0 0.2703125 0.3546875 0.0359375 0.046875
0.0 0.503125 0.3625 0.03125 0.034375
0.0 0.409375 0.371875 0.0453125 0.028125
0.0 0.1890625 0.3890625 0.0203125 0.0296875
0.0 0.228125 0.4015625 0.03125 0.0515625
0.0 0.465625 0.4046875 0.053125 0.0359375
0.0 0.390625 0.4171875 0.021875 0.0421875
0.0 0.353125 0.4375 0.0625 0.034375
0.0 0.7734375 0.446875 0.040625 0.015625
0.0 0.6703125 0.45625 0.028125 0.0328125
0.0 0.38125 0.46875 0.059375 0.028125
0.0 0.6203125 0.4703125 0.021875 0.0203125
0.0 0.24375 0.471875 0.0359375 0.0484375
0.0 0.4671875 0.4765625 0.0421875 0.0515625
0.0 0.5046875 0.4859375 0.0265625 0.0234375
0.0 0.51875 0.5109375 0.025 0.04375
0.0 0.596875 0.515625 0.0578125 0.028125
0.0 0.7234375 0.5203125 0.0421875 0.028125
0.0 0.4640625 0.5203125 0.05625 0.0265625
0.0 0.3 0.528125 0.05 0.0265625
0.0 0.7953125 0.5640625 0.05625 0.0453125
0.0 0.6078125 0.5671875 0.0359375 0.0328125
0.0 0.2328125 0.5796875 0.0640625 0.0328125
0.0 0.34375 0.5828125 0.046875 0.0375
0.0 0.7875 0.6 0.021875 0.025
0.0 0.5015625 0.6078125 0.0453125 0.053125
0.0 0.4421875 0.6203125 0.01875 0.03125
0.0 0.5640625 0.6359375 0.028125 0.084375
0.0 0.3828125 0.6359375 0.05 0.075
0.0 0.41875 0.64375 0.025 0.046875
0.0 0.5109375 0.653125 0.021875 0.0359375
0.0 0.6234375 0.6671875 0.0796875 0.0265625
0.0 0.8046875 0.6734375 0.021875 0.025
0.0 0.5140625 0.7 0.0625 0.0359375
0.0 0.2859375 0.7015625 0.025 0.021875
0.0 0.3421875 0.734375 0.0234375 0.0359375
0.0 0.778125 0.734375 0.0296875 0.025
0.0 0.7234375 0.746875 0.0203125 0.021875
0.0 0.3109375 0.221875 0.0296875 0.0265625
0.0 0.4984375 0.2515625 0.040625 0.046875
