0.0 0.85625 0.3578125 0.0671875 0.0375
0.0 0.7578125 0.3609375 0.0671875 0.040625
0.0 0.890625 0.4171875 0.1015625 0.0703125
0.0 0.8921875 0.45625 0.025 0.0515625
0.0 0.8375 0.446875 0.0828125 0.140625
0.0 0.725 0.54375 0.071875 0.0578125
0.0 0.796875 0.640625 0.0234375 0.04375
0.0 0.775 0.690625 0.0609375 0.075
0.0 0.8390625 0.6828125 0.04375 0.0671875
0.0 0.8859375 0.6828125 0.0859375 0.128125
0.0 0.9109375 0.578125 0.0390625 0.028125
0.0 0.7078125 0.3109375 0.078125 0.0609375
0.0 0.6421875 0.371875 0.1515625 0.096875
0.0 0.5390625 0.4046875 0.1078125 0.0515625
0.0 0.5671875 0.46875 0.0359375 0.0890625
0.0 0.47343749999999996 0.509375 0.0796875 0.028125
0.0 0.4921875 0.63125 0.0671875 0.0296875
0.0 0.44375 0.69375 0.0765625 0.0578125
0.0 0.490625 0.7125 0.08125 0.0734375
0.0 0.540625 0.7703125 0.0609375 0.025
0.0 0.35 0.7109375 0.040625 0.090625
0.0 0.36250000000000004 0.803125 0.06875 0.05
0.0 0.28437500000000004 0.815625 0.025 0.025
0.0 0.20468750000000002 0.8109375 0.04375 0.021875
0.0 0.10624999999999996 0.8234375 0.0359375 0.015625
0.0 0.22031250000000002 0.6734375 0.03125 0.053125
0.0 0.1171875 0.6796875 0.04375 0.0234375
0.0 0.29218750000000004 0.5890625 0.0640625 0.0734375
