0.0 0.734375 0.2375 0.065625 0.0375
0.0 0.559375 0.2328125 0.0390625 0.05625
0.0 0.5421875 0.2875 0.0171875 0.0140625
0.0 0.596875 0.328125 0.0234375 0.0390625
0.0 0.5609375 0.3375 0.0203125 0.0328125
0.0 0.459375 0.2328125 0.0390625 0.046875
0.0 0.396875 0.334375 0.0453125 0.0171875
0.0 0.371875 0.36875 0.0171875 0.0265625
0.0 0.41875 0.3828125 0.03125 0.028125
0.0 0.3265625 0.440625 0.025 0.103125
0.0 0.478125 0.440625 0.0234375 0.034375
0.0 0.446875 0.4375 0.0265625 0.0390625
0.0 0.446875 0.465625 0.05 0.0484375
0.0 0.5078125 0.5046875 0.0625 0.015625
0.0 0.2640625 0.51875 0.06875 0.0484375
0.0 0.378125 0.5609375 0.05625 0.025
0.0 0.390625 0.628125 0.04375 0.025
0.0 0.3296875 0.7796875 0.0171875 0.0265625
0.0 0.35 0.7375 0.03125 0.0296875
0.0 0.3734375 0.7046875 0.071875 0.090625
0.0 0.4421875 0.653125 0.028125 0.040625
0.0 0.471875 0.6359375 0.0453125 0.034375
0.0 0.51875 0.665625 0.0328125 0.0609375
0.0 0.515625 0.7140625 0.0390625 0.0171875
0.0 0.5390625 0.7453125 0.015625 0.025
0.0 0.496875 0.5828125 0.0203125 0.021875
0.0 0.5234375 0.5484375 0.0484375 0.0375
0.0 0.5609375 0.5359375 0.0296875 0.046875
0.0 0.6140625 0.571875 0.0515625 0.065625
0.0 0.690625 0.6 0.0328125 0.0484375
0.0 0.6625 0.5203125 0.0453125 0.0234375
0.0 0.7296875 0.5453125 0.0390625 0.0515625
0.0 0.7921875 0.540625 0.06875 0.0484375
0.0 0.85625 0.5640625 0.040625 0.04375
0.0 0.6578125 0.46875 0.046875 0.0625
0.0 0.6890625 0.478125 0.0265625 0.0234375
0.0 0.721875 0.4875 0.0484375 0.0734375
0.0 0.7515625 0.440625 0.0609375 0.0421875
0.0 0.6734375 0.4390625 0.0328125 0.0203125
0.0 0.665625 0.4015625 0.103125 0.0265625
0.0 0.6359375 0.3578125 0.015625 0.0171875
0.0 0.6984375 0.35 0.0234375 0.01875
0.0 0.6828125 0.35625 0.075 0.0625
0.0 0.765625 0.3515625 0.0546875 0.03125
0.0 0.7421875 0.31875 0.06875 0.0234375
0.0 0.1484375 0.465625 0.0375 0.0421875
