0.0 0.5796875 0.4078125 0.0234375 0.0484375
0.0 0.60625 0.3875 0.021875 0.0359375
0.0 0.653125 0.3875 0.0359375 0.0578125
0.0 0.625 0.3875 0.015625 0.025
0.0 0.49687499999999996 0.6109375 0.0359375 0.040625
0.0 0.41874999999999996 0.6453125 0.034375 0.0453125
0.0 0.4390625 0.73125 0.0453125 0.021875
0.0 0.19374999999999998 0.5578125 0.0375 0.0625
0.0 0.057812500000000044 0.3921875 0.0578125 0.0921875
0.0 0.03749999999999998 0.4734375 0.03125 0.04375
0.0 0.06718749999999996 0.4734375 0.040625 0.0625
0.0 0.0625 0.696875 0.0296875 0.0234375
