0.0 0.6453125 0.28125 0.0390625 0.0390625
0.0 0.5546875 0.2828125 0.034375 0.03125
0.0 0.8578125 0.2921875 0.034375 0.0328125
0.0 0.79375 0.2953125 0.05625 0.0390625
0.0 0.5953125 0.3140625 0.05 0.071875
0.0 0.46562499999999996 0.3140625 0.028125 0.0421875
0.0 0.7578125 0.3203125 0.0359375 0.025
0.0 0.20156249999999998 0.33125 0.0375 0.059375
0.0 0.25468749999999996 0.334375 0.0421875 0.078125
0.0 0.8109375 0.3484375 0.0734375 0.0578125
0.0 0.6109375 0.3578125 0.0328125 0.0390625
0.0 0.38593750000000004 0.3703125 0.0765625 0.05625
0.0 0.521875 0.371875 0.078125 0.078125
0.0 0.5796875 0.3953125 0.0375 0.0671875
0.0 0.20468750000000002 0.3984375 0.0875 0.0546875
0.0 0.8796875 0.4171875 0.034375 0.034375
0.0 0.7875 0.41875 0.0328125 0.0640625
0.0 0.603125 0.4359375 0.096875 0.0375
0.0 0.1484375 0.4359375 0.078125 0.0515625
0.0 0.51875 0.4515625 0.0609375 0.04375
0.0 0.43125 0.453125 0.078125 0.0515625
0.0 0.34062499999999996 0.45625 0.065625 0.0359375
0.0 0.89375 0.4609375 0.03125 0.0609375
0.0 0.50625 0.50625 0.1171875 0.046875
0.0 0.36250000000000004 0.5203125 0.0296875 0.0484375
0.0 0.14687499999999998 0.55 0.0609375 0.0875
0.0 0.6078125 0.55 0.0703125 0.090625
0.0 0.7359375 0.5546875 0.05625 0.0375
0.0 0.9015625 0.56875 0.115625 0.109375
0.0 0.43125 0.5765625 0.0625 0.0984375
0.0 0.328125 0.578125 0.0546875 0.03125
0.0 0.9125 0.5859375 0.040625 0.1203125
0.0 0.3109375 0.6046875 0.14375 0.0828125
0.0 0.56875 0.6421875 0.0484375 0.0359375
0.0 0.44999999999999996 0.653125 0.1125 0.040625
0.0 0.1640625 0.6609375 0.0625 0.0546875
0.0 0.703125 0.6703125 0.06875 0.084375
0.0 0.33281249999999996 0.7 0.0796875 0.0953125
0.0 0.8375 0.7109375 0.065625 0.0671875
0.0 0.171875 0.7125 0.1109375 0.0625
0.0 0.609375 0.725 0.0421875 0.10625
0.0 0.703125 0.728125 0.028125 0.03125
0.0 0.26249999999999996 0.7359375 0.06875 0.0359375
0.0 0.296875 0.778125 0.071875 0.05625
0.0 0.203125 0.825 0.0515625 0.0296875
0.0 0.5125 0.2515625 0.0796875 0.0515625
