0.0 0.3875 0.2578125 0.1140625 0.1359375
0.0 0.521875 0.2671875 0.06875 0.059375
0.0 0.7625 0.2828125 0.1109375 0.10625
0.0 0.678125 0.33125 0.034375 0.0234375
0.0 0.5578125 0.3328125 0.0484375 0.04375
0.0 0.6171875 0.3515625 0.0484375 0.13125
0.0 0.64375 0.371875 0.0234375 0.096875
0.0 0.3203125 0.3796875 0.0265625 0.040625
0.0 0.678125 0.39375 0.021875 0.0453125
0.0 0.7890625 0.3984375 0.08125 0.0703125
0.0 0.71875 0.3984375 0.025 0.0578125
0.0 0.3671875 0.4203125 0.0671875 0.0421875
0.0 0.7734375 0.4484375 0.0796875 0.159375
0.0 0.6875 0.453125 0.0421875 0.0296875
0.0 0.7671875 0.465625 0.0328125 0.0421875
0.0 0.4296875 0.4703125 0.065625 0.08125
0.0 0.39375 0.471875 0.025 0.03125
0.0 0.5546875 0.471875 0.0390625 0.0984375
0.0 0.28125 0.4796875 0.084375 0.1140625
0.0 0.7109375 0.4890625 0.0328125 0.065625
0.0 0.6640625 0.4984375 0.0375 0.0421875
0.0 0.8625 0.503125 0.06875 0.1171875
0.0 0.35 0.5203125 0.0390625 0.046875
0.0 0.7703125 0.5265625 0.0375 0.0640625
0.0 0.6015625 0.53125 0.090625 0.0359375
0.0 0.4875 0.5453125 0.040625 0.0609375
0.0 0.43125 0.5703125 0.0390625 0.0640625
0.0 0.6359375 0.5875 0.0515625 0.09375
0.0 0.39375 0.5921875 0.05625 0.1203125
0.0 0.5765625 0.628125 0.1046875 0.096875
0.0 0.80625 0.6296875 0.075 0.075
0.0 0.21875 0.6328125 0.1 0.084375
0.0 0.690625 0.6359375 0.0453125 0.0421875
0.0 0.5640625 0.640625 0.040625 0.096875
0.0 0.2765625 0.6453125 0.0875 0.0640625
0.0 0.453125 0.6515625 0.05625 0.0859375
0.0 0.8 0.6625 0.04375 0.0671875
0.0 0.7515625 0.6640625 0.0328125 0.06875
0.0 0.409375 0.7203125 0.040625 0.078125
0.0 0.6890625 0.75625 0.04375 0.06875
0.0 0.596875 0.7671875 0.0734375 0.0640625
0.0 0.5796875 0.2140625 0.0234375 0.046875
0.0 0.628125 0.21875 0.05 0.0453125
0.0 0.415625 0.25 0.0484375 0.0265625
0.0 0.69375 0.253125 0.0453125 0.128125
