0.0 0.6125 0.2375 0.0453125 0.0421875
0.0 0.5328125 0.3375 0.0890625 0.0484375
0.0 0.4625 0.3921875 0.0796875 0.0484375
0.0 0.365625 0.3734375 0.0703125 0.028125
0.0 0.2953125 0.271875 0.01875 0.028125
0.0 0.23906249999999996 0.384375 0.01875 0.025
0.0 0.11562499999999998 0.3171875 0.0203125 0.0453125
0.0 0.15156250000000004 0.496875 0.0296875 0.0921875
0.0 0.19843750000000004 0.5171875 0.0234375 0.03125
0.0 0.25468749999999996 0.44375 0.0375 0.0484375
0.0 0.3109375 0.5234375 0.0453125 0.0515625
0.0 0.375 0.609375 0.025 0.059375
0.0 0.396875 0.5078125 0.0375 0.0515625
0.0 0.4859375 0.4453125 0.04375 0.0171875
0.0 0.49687499999999996 0.5375 0.025 0.075
0.0 0.421875 0.59375 0.0484375 0.0234375
0.0 0.40312499999999996 0.646875 0.015625 0.03125
0.0 0.43125 0.646875 0.0171875 0.03125
0.0 0.528125 0.61875 0.0171875 0.0296875
0.0 0.5234375 0.5484375 0.0203125 0.046875
0.0 0.5125 0.58125 0.096875 0.046875
0.0 0.54375 0.5140625 0.0421875 0.0703125
0.0 0.60625 0.496875 0.05625 0.0265625
0.0 0.6375 0.5359375 0.0671875 0.04375
0.0 0.5875 0.5765625 0.021875 0.0375
0.0 0.6265625 0.68125 0.0484375 0.0421875
0.0 0.56875 0.7234375 0.0328125 0.021875
0.0 0.59375 0.7734375 0.021875 0.046875
0.0 0.703125 0.7171875 0.01875 0.0203125
0.0 0.78125 0.6953125 0.0265625 0.025
0.0 0.7078125 0.65 0.03125 0.0265625
0.0 0.7125 0.6796875 0.046875 0.0296875
0.0 0.9109375 0.5578125 0.0375 0.0640625
0.0 0.6828125 0.459375 0.01875 0.053125
0.0 0.7828125 0.471875 0.0390625 0.065625
0.0 0.75625 0.475 0.0265625 0.0421875
0.0 0.6953125 0.4171875 0.059375 0.0421875
0.0 0.728125 0.39375 0.0203125 0.021875
0.0 0.7734375 0.39375 0.05625 0.0921875
