0.0 0.6484375 0.2765625 0.025 0.0828125
0.0 0.6953125 0.315625 0.0328125 0.0640625
0.0 0.728125 0.3515625 0.0171875 0.0390625
0.0 0.6109375 0.3765625 0.0625 0.0171875
0.0 0.71875 0.38125 0.1015625 0.040625
0.0 0.615625 0.3875 0.025 0.065625
0.0 0.54375 0.3984375 0.0296875 0.0765625
0.0 0.515625 0.4171875 0.0234375 0.028125
0.0 0.2984375 0.428125 0.1140625 0.1140625
0.0 0.75625 0.428125 0.059375 0.0671875
0.0 0.6921875 0.434375 0.0265625 0.046875
0.0 0.4671875 0.4453125 0.059375 0.040625
0.0 0.5375 0.4703125 0.071875 0.040625
0.0 0.796875 0.478125 0.0421875 0.05625
0.0 0.5328125 0.478125 0.028125 0.059375
0.0 0.37031250000000004 0.4796875 0.0546875 0.0640625
0.0 0.4828125 0.4828125 0.0828125 0.0265625
0.0 0.375 0.484375 0.0671875 0.0921875
0.0 0.84375 0.4875 0.0640625 0.0703125
0.0 0.809375 0.496875 0.0140625 0.028125
0.0 0.640625 0.4984375 0.0296875 0.0515625
0.0 0.60625 0.5109375 0.021875 0.0328125
0.0 0.42500000000000004 0.5109375 0.0421875 0.0640625
0.0 0.553125 0.5203125 0.0390625 0.0375
0.0 0.8734375 0.5203125 0.078125 0.078125
0.0 0.671875 0.534375 0.0625 0.075
0.0 0.559375 0.540625 0.040625 0.03125
0.0 0.621875 0.55 0.034375 0.0453125
0.0 0.5875 0.5546875 0.0234375 0.0203125
0.0 0.6890625 0.565625 0.034375 0.021875
0.0 0.79375 0.5734375 0.08125 0.028125
0.0 0.6640625 0.6 0.0625 0.0234375
0.0 0.5984375 0.6 0.109375 0.053125
0.0 0.7515625 0.6171875 0.090625 0.0703125
0.0 0.7671875 0.63125 0.0421875 0.05
0.0 0.503125 0.6421875 0.0984375 0.0671875
0.0 0.6546875 0.6765625 0.0734375 0.0515625
0.0 0.4921875 0.684375 0.046875 0.1484375
0.0 0.490625 0.696875 0.0796875 0.0484375
0.0 0.809375 0.703125 0.0390625 0.0296875
0.0 0.6359375 0.709375 0.034375 0.03125
0.0 0.7703125 0.709375 0.0703125 0.0953125
0.0 0.6875 0.74375 0.090625 0.04375
0.0 0.721875 0.2 0.059375 0.0578125
