0.0 0.6546875 0.3015625 0.059375 0.0359375
0.0 0.4921875 0.3375 0.04375 0.028125
0.0 0.32499999999999996 0.359375 0.0515625 0.0265625
0.0 0.6515625 0.36875 0.0640625 0.0640625
0.0 0.73125 0.371875 0.0453125 0.034375
0.0 0.45781249999999996 0.3828125 0.06875 0.0296875
0.0 0.546875 0.390625 0.028125 0.0375
0.0 0.38125 0.390625 0.0234375 0.03125
0.0 0.334375 0.3921875 0.0265625 0.03125
0.0 0.7375 0.4078125 0.0234375 0.025
0.0 0.49687499999999996 0.4140625 0.025 0.046875
0.0 0.43437499999999996 0.4203125 0.0375 0.040625
0.0 0.5296875 0.4296875 0.025 0.0421875
0.0 0.653125 0.4296875 0.025 0.034375
0.0 0.4703125 0.4390625 0.03125 0.025
0.0 0.815625 0.4421875 0.0671875 0.028125
0.0 0.625 0.44375 0.0171875 0.03125
0.0 0.7640625 0.45625 0.021875 0.0296875
0.0 0.66875 0.459375 0.021875 0.028125
0.0 0.815625 0.4765625 0.01875 0.0265625
0.0 0.33125000000000004 0.4765625 0.0296875 0.025
0.0 0.6140625 0.4796875 0.03125 0.0390625
0.0 0.5015625 0.4921875 0.0703125 0.0546875
0.0 0.7109375 0.5109375 0.025 0.021875
0.0 0.34062499999999996 0.5140625 0.03125 0.0484375
0.0 0.6484375 0.5171875 0.0234375 0.05
0.0 0.30000000000000004 0.5234375 0.034375 0.05
0.0 0.4546875 0.528125 0.0296875 0.0234375
0.0 0.48906249999999996 0.540625 0.034375 0.0375
0.0 0.4 0.55625 0.021875 0.0296875
0.0 0.5640625 0.5625 0.0234375 0.03125
0.0 0.2984375 0.5671875 0.0828125 0.065625
0.0 0.765625 0.5859375 0.04375 0.04375
0.0 0.26875000000000004 0.6203125 0.0734375 0.0515625
0.0 0.38593750000000004 0.621875 0.053125 0.028125
0.0 0.5875 0.6234375 0.0296875 0.059375
0.0 0.7109375 0.6328125 0.0625 0.0265625
0.0 0.615625 0.646875 0.0328125 0.05
0.0 0.296875 0.6515625 0.025 0.04375
0.0 0.4046875 0.665625 0.0515625 0.0421875
0.0 0.2734375 0.66875 0.0359375 0.0359375
0.0 0.6875 0.6734375 0.028125 0.0234375
0.0 0.328125 0.6765625 0.0515625 0.053125
0.0 0.4765625 0.6765625 0.0453125 0.0296875
0.0 0.5234375 0.7234375 0.0546875 0.0296875
0.0 0.44843750000000004 0.7875 0.053125 0.05
