0.0 0.596875 0.2984375 0.053125 0.04375
0.0 0.5171875 0.3015625 0.0359375 0.034375
0.0 0.39375000000000004 0.309375 0.0296875 0.0359375
0.0 0.4375 0.315625 0.025 0.028125
0.0 0.3515625 0.3265625 0.0296875 0.025
0.0 0.790625 0.3859375 0.0296875 0.040625
0.0 0.7359375 0.3890625 0.0234375 0.0453125
0.0 0.5859375 0.4015625 0.04375 0.0484375
0.0 0.3421875 0.4125 0.025 0.05
0.0 0.6609375 0.4125 0.021875 0.028125
0.0 0.503125 0.4171875 0.05 0.0421875
0.0 0.44843750000000004 0.4203125 0.034375 0.0984375
0.0 0.275 0.4265625 0.034375 0.0703125
0.0 0.725 0.4359375 0.046875 0.034375
0.0 0.671875 0.44375 0.0265625 0.0265625
0.0 0.6421875 0.4546875 0.01875 0.03125
0.0 0.4046875 0.459375 0.096875 0.0421875
0.0 0.31875 0.4609375 0.021875 0.0453125
0.0 0.49375 0.4625 0.0828125 0.0703125
0.0 0.5875 0.465625 0.0546875 0.040625
0.0 0.34687500000000004 0.48125 0.0328125 0.0625
0.0 0.73125 0.484375 0.0546875 0.028125
0.0 0.51875 0.5125 0.0296875 0.0234375
0.0 0.45625000000000004 0.5140625 0.05625 0.0484375
0.0 0.446875 0.521875 0.021875 0.0390625
0.0 0.30625 0.5234375 0.0234375 0.0234375
0.0 0.6109375 0.534375 0.071875 0.0953125
0.0 0.5671875 0.5375 0.053125 0.0375
0.0 0.646875 0.565625 0.0421875 0.0609375
0.0 0.753125 0.571875 0.059375 0.0671875
0.0 0.42656249999999996 0.5765625 0.04375 0.05
0.0 0.38593750000000004 0.578125 0.015625 0.0265625
0.0 0.3046875 0.578125 0.03125 0.053125
0.0 0.61875 0.5984375 0.04375 0.04375
0.0 0.2875 0.615625 0.0390625 0.040625
0.0 0.453125 0.63125 0.0265625 0.025
0.0 0.5046875 0.63125 0.034375 0.034375
0.0 0.7671875 0.6375 0.025 0.0359375
0.0 0.5875 0.6453125 0.028125 0.040625
0.0 0.3046875 0.6578125 0.0265625 0.03125
0.0 0.6859375 0.66875 0.034375 0.053125
0.0 0.615625 0.6859375 0.03125 0.0671875
0.0 0.41718750000000004 0.6875 0.0765625 0.0234375
0.0 0.44218749999999996 0.6984375 0.034375 0.0765625
0.0 0.5828125 0.715625 0.021875 0.034375
0.0 0.49531250000000004 0.7859375 0.0296875 0.059375
