0.0 0.26 0.0 0.09 0.0
0.0 0.5875 0.0925 0.215 0.185
0.0 0.22 0.1225 0.33 0.135
0.0 0.135 0.255 0.08 0.12
0.0 0.36 0.3675 0.12 0.155
0.0 0.3475 0.395 0.175 0.11
0.0 0.115 0.415 0.12 0.13
0.0 0.03 0.445 0.06 0.26
0.0 0.0125 0.4725 0.025 0.105
0.0 0.775 0.4925 0.11 0.185
0.0 0.5175 0.6325 0.165 0.275
0.0 0.3675 0.67 0.165 0.17
0.0 0.7625 0.67 0.135 0.07
0.0 0.2325 0.6675 0.075 0.135
0.0 0.01 0.7225 0.02 0.245
0.0 0.9475 0.7275 0.105 0.095
0.0 0.6775 0.7525 0.265 0.065
0.0 0.0925 0.7675 0.145 0.265
0.0 0.745 0.8525 0.2 0.105
0.0 0.21 0.88 0.1 0.08
0.0 0.0025 0.8875 0.005 0.095
0.0 0.9175 0.9475 0.095 0.075
0.0 0.265 0.9675 0.21 0.065
0.0 0.895 0.9925 0.21 0.015
