0.0 0.66 0.0025 0.1 0.005
0.0 0.5325 0.0425 0.175 0.055
0.0 0.775 0.165 0.06 0.08
0.0 0.79 0.255 0.19 0.06
0.0 0.5625 0.16 0.095 0.06
0.0 0.7775 0.44 0.095 0.11
0.0 0.4825 0.6675 0.215 0.185
0.0 0.605 0.61 0.35 0.24
0.0 0.59 0.465 0.19 0.27
0.0 0.7975 0.85 0.125 0.3
0.0 0.9875 1.0 0.025 0.0
0.0 0.555 0.8425 0.17 0.085
0.0 0.4575 0.98 0.095 0.04
0.0 0.4875 0.8975 0.325 0.205
0.0 0.3325 0.9825 0.065 0.035
0.0 0.13 0.9775 0.18 0.045
0.0 0.065 0.7725 0.13 0.075
0.0 0.115 0.6925 0.15 0.145
0.0 0.2525 0.67 0.145 0.2
0.0 0.095 0.6225 0.19 0.255
0.0 0.0775 0.3775 0.105 0.225
0.0 0.19 0.1975 0.18 0.085
0.0 0.2025 0.215 0.085 0.23
0.0 0.32 0.1475 0.08 0.125
0.0 0.3925 0.1575 0.135 0.315
0.0 0.415 0.4025 0.1 0.075
0.0 0.4025 0.495 0.085 0.11
0.0 0.0325 0.0725 0.065 0.145
0.0 0.0775 0.0075 0.135 0.015
