0.0 0.4171875 0.2703125 0.0484375 0.0359375
0.0 0.446875 0.290625 0.059375 0.0265625
0.0 0.4734375 0.3203125 0.0703125 0.0375
0.0 0.378125 0.321875 0.0265625 0.0140625
0.0 0.525 0.328125 0.01875 0.0640625
0.0 0.4046875 0.33125 0.0234375 0.0234375
0.0 0.490625 0.3421875 0.0171875 0.0203125
0.0 0.3515625 0.34375 0.0671875 0.0171875
0.0 0.36875 0.3640625 0.03125 0.0140625
0.0 0.465625 0.365625 0.0375 0.021875
0.0 0.44375 0.3703125 0.0453125 0.08125
0.0 0.1890625 0.3828125 0.0375 0.0453125
0.0 0.4171875 0.3859375 0.0359375 0.065625
0.0 0.496875 0.3875 0.0640625 0.0359375
0.0 0.271875 0.3890625 0.05625 0.034375
0.0 0.2828125 0.3921875 0.03125 0.0421875
0.0 0.33125 0.3953125 0.028125 0.034375
0.0 0.365625 0.415625 0.040625 0.078125
0.0 0.48125 0.4265625 0.0234375 0.04375
0.0 0.3984375 0.440625 0.046875 0.03125
0.0 0.3125 0.4421875 0.028125 0.0640625
0.0 0.51875 0.4421875 0.040625 0.046875
0.0 0.2546875 0.4625 0.053125 0.040625
0.0 0.396875 0.4625 0.0296875 0.0171875
0.0 0.35 0.465625 0.0515625 0.0875
0.0 0.36875 0.46875 0.021875 0.021875
0.0 0.4546875 0.4734375 0.0609375 0.0875
0.0 0.328125 0.5109375 0.0203125 0.0796875
0.0 0.290625 0.51875 0.053125 0.0375
0.0 0.3609375 0.5203125 0.021875 0.01875
0.0 0.25625 0.521875 0.021875 0.0390625
0.0 0.4578125 0.5390625 0.040625 0.05625
0.0 0.26875 0.5546875 0.0421875 0.0421875
0.0 0.2625 0.56875 0.0375 0.03125
0.0 0.4171875 0.571875 0.021875 0.0609375
0.0 0.2859375 0.5921875 0.0390625 0.0203125
0.0 0.409375 0.59375 0.05 0.0578125
0.0 0.3671875 0.6 0.0359375 0.075
0.0 0.4609375 0.6015625 0.034375 0.08125
0.0 0.484375 0.60625 0.0328125 0.078125
0.0 0.346875 0.615625 0.053125 0.084375
0.0 0.6234375 0.634375 0.115625 0.03125
0.0 0.290625 0.6359375 0.028125 0.034375
0.0 0.3375 0.6453125 0.0796875 0.065625
0.0 0.6890625 0.65625 0.028125 0.0203125
0.0 0.409375 0.25 0.0375 0.040625
