0.0 0.24 0.0 0.22 0.0
0.0 0.54 0.0175 0.1 0.035
0.0 0.36 0.0925 0.11 0.185
0.0 0.7275 0.065 0.065 0.13
0.0 0.745 0.075 0.14 0.07
0.0 0.9575 0.1175 0.085 0.235
0.0 0.84 0.2275 0.19 0.115
0.0 0.6675 0.2275 0.125 0.125
0.0 0.545 0.2525 0.1 0.115
0.0 0.8625 0.5 0.095 0.35
0.0 0.8875 0.485 0.225 0.2
0.0 0.7025 0.42 0.165 0.09
0.0 0.525 0.425 0.19 0.13
0.0 0.415 0.5125 0.06 0.075
0.0 0.3125 0.3725 0.065 0.125
0.0 0.22 0.3525 0.09 0.155
0.0 0.1275 0.1825 0.185 0.105
0.0 0.1075 0.525 0.155 0.1
0.0 0.02 0.705 0.04 0.13
0.0 0.1025 0.8875 0.075 0.225
0.0 0.17 0.665 0.15 0.13
0.0 0.185 0.68 0.19 0.14
0.0 0.3375 0.7175 0.055 0.085
0.0 0.475 0.7575 0.1 0.085
0.0 0.3275 0.85 0.185 0.18
0.0 0.61 0.73 0.15 0.22
0.0 0.725 0.8025 0.06 0.065
0.0 0.985 0.7875 0.03 0.075
0.0 0.975 0.97 0.05 0.06
0.0 0.3875 0.99 0.125 0.02
