0.0 0.35468750000000004 0.31875 0.0296875 0.01875
0.0 0.6359375 0.3484375 0.053125 0.028125
0.0 0.34375 0.3671875 0.075 0.0375
0.0 0.4203125 0.3734375 0.0421875 0.046875
0.0 0.5171875 0.38125 0.0265625 0.0265625
0.0 0.5703125 0.390625 0.053125 0.025
0.0 0.4390625 0.3984375 0.021875 0.0421875
0.0 0.6078125 0.4046875 0.0234375 0.025
0.0 0.715625 0.4203125 0.04375 0.028125
0.0 0.5703125 0.4203125 0.034375 0.0390625
0.0 0.4671875 0.4296875 0.040625 0.0515625
0.0 0.36406249999999996 0.4328125 0.0703125 0.05
0.0 0.534375 0.4359375 0.028125 0.034375
0.0 0.40156250000000004 0.44375 0.053125 0.0328125
0.0 0.5484375 0.45 0.015625 0.021875
0.0 0.5703125 0.453125 0.015625 0.01875
0.0 0.2890625 0.4578125 0.0375 0.046875
0.0 0.6296875 0.459375 0.0234375 0.03125
0.0 0.803125 0.4625 0.0375 0.04375
0.0 0.4625 0.46875 0.0203125 0.0453125
0.0 0.671875 0.478125 0.025 0.059375
0.0 0.4078125 0.484375 0.0203125 0.0234375
0.0 0.571875 0.4921875 0.0296875 0.0234375
0.0 0.4671875 0.503125 0.04375 0.0203125
0.0 0.7953125 0.5078125 0.0359375 0.0296875
0.0 0.61875 0.5078125 0.0296875 0.01875
0.0 0.265625 0.509375 0.0171875 0.0234375
0.0 0.3125 0.5109375 0.0640625 0.0515625
0.0 0.44843750000000004 0.51875 0.0203125 0.04375
0.0 0.5546875 0.5296875 0.0375 0.021875
0.0 0.51875 0.540625 0.03125 0.0625
0.0 0.48750000000000004 0.540625 0.0203125 0.03125
0.0 0.41718750000000004 0.5546875 0.0171875 0.0203125
0.0 0.65625 0.5640625 0.046875 0.05625
0.0 0.3828125 0.571875 0.0421875 0.0328125
0.0 0.25468749999999996 0.5734375 0.0421875 0.0296875
0.0 0.3359375 0.575 0.0296875 0.05625
0.0 0.453125 0.5828125 0.01875 0.0296875
0.0 0.5828125 0.5828125 0.0203125 0.025
0.0 0.6171875 0.615625 0.034375 0.0484375
0.0 0.7171875 0.6234375 0.053125 0.075
0.0 0.4703125 0.625 0.0359375 0.0375
0.0 0.596875 0.653125 0.05 0.053125
0.0 0.5546875 0.6546875 0.0265625 0.015625
0.0 0.6578125 0.690625 0.0375 0.046875
