0.0 0.3375 0.24375 0.05625 0.0328125
0.0 0.41875 0.2453125 0.028125 0.0609375
0.0 0.521875 0.2390625 0.025 0.0375
0.0 0.65 0.2796875 0.0453125 0.03125
0.0 0.5203125 0.2828125 0.0984375 0.034375
0.0 0.5484375 0.3171875 0.01875 0.01875
0.0 0.5875 0.3640625 0.04375 0.04375
0.0 0.6703125 0.496875 0.0671875 0.096875
0.0 0.821875 0.5859375 0.028125 0.05625
0.0 0.6453125 0.7171875 0.0640625 0.028125
0.0 0.584375 0.7015625 0.040625 0.0546875
0.0 0.58125 0.775 0.0484375 0.0921875
0.0 0.5421875 0.7734375 0.0453125 0.04375
0.0 0.39375 0.8109375 0.065625 0.0375
0.0 0.359375 0.7765625 0.05625 0.0265625
0.0 0.184375 0.8015625 0.04375 0.0171875
0.0 0.2609375 0.7359375 0.04375 0.028125
0.0 0.09375 0.7046875 0.0390625 0.06875
0.0 0.2734375 0.6390625 0.0359375 0.053125
0.0 0.24375 0.5515625 0.021875 0.053125
0.0 0.1625 0.503125 0.0328125 0.040625
0.0 0.2390625 0.459375 0.0671875 0.0234375
0.0 0.3546875 0.4421875 0.028125 0.05625
0.0 0.43125 0.48125 0.034375 0.0671875
0.0 0.396875 0.5515625 0.075 0.040625
0.0 0.43125 0.5328125 0.0234375 0.0296875
0.0 0.4953125 0.5 0.0296875 0.0234375
0.0 0.509375 0.5171875 0.0375 0.021875
0.0 0.4359375 0.584375 0.0671875 0.01875
0.0 0.3890625 0.60625 0.0296875 0.0359375
0.0 0.4234375 0.6546875 0.0265625 0.0421875
0.0 0.446875 0.6125 0.0234375 0.0234375
0.0 0.4890625 0.6375 0.046875 0.0296875
0.0 0.546875 0.6203125 0.028125 0.0765625
0.0 0.4171875 0.3296875 0.05 0.01875
0.0 0.359375 0.3265625 0.0515625 0.0578125
0.0 0.2625 0.321875 0.028125 0.0328125
0.0 0.2671875 0.2609375 0.0296875 0.021875
0.0 0.184375 0.2859375 0.021875 0.0296875
0.0 0.2265625 0.315625 0.0171875 0.0578125
0.0 0.2390625 0.3609375 0.025 0.0171875
0.0 0.1828125 0.4171875 0.0234375 0.028125
