0.0 0.259375 0.2625 0.046875 0.0453125
0.0 0.6359375 0.3296875 0.0515625 0.0203125
0.0 0.6515625 0.35625 0.096875 0.0328125
0.0 0.171875 0.35625 0.0484375 0.0640625
0.0 0.7890625 0.3640625 0.05 0.025
0.0 0.4125 0.38125 0.028125 0.025
0.0 0.8546875 0.3875 0.0421875 0.04375
0.0 0.509375 0.4453125 0.0703125 0.040625
0.0 0.5578125 0.478125 0.040625 0.0265625
0.0 0.321875 0.4828125 0.0671875 0.0515625
0.0 0.4453125 0.4859375 0.0578125 0.05625
0.0 0.47968750000000004 0.4890625 0.0265625 0.01875
0.0 0.5796875 0.5015625 0.0234375 0.01875
0.0 0.625 0.5078125 0.021875 0.0375
0.0 0.6046875 0.5234375 0.021875 0.01875
0.0 0.490625 0.5453125 0.059375 0.0265625
0.0 0.328125 0.546875 0.0890625 0.040625
0.0 0.4234375 0.58125 0.0328125 0.0234375
0.0 0.33906250000000004 0.5859375 0.0234375 0.0484375
0.0 0.30781250000000004 0.6 0.0203125 0.01875
0.0 0.3984375 0.615625 0.05 0.0296875
0.0 0.7140625 0.6203125 0.03125 0.03125
0.0 0.28593749999999996 0.6421875 0.040625 0.040625
0.0 0.478125 0.64375 0.0421875 0.0375
0.0 0.42500000000000004 0.65625 0.05 0.0359375
0.0 0.46875 0.69375 0.021875 0.034375
0.0 0.8109375 0.6953125 0.0234375 0.0421875
0.0 0.7546875 0.6953125 0.0234375 0.0375
0.0 0.034375000000000044 0.709375 0.0390625 0.021875
0.0 0.665625 0.7140625 0.0609375 0.0421875
0.0 0.6734375 0.7171875 0.025 0.0953125
0.0 0.51875 0.7609375 0.071875 0.025
0.0 0.746875 0.7703125 0.046875 0.0390625
0.0 0.34062499999999996 0.78125 0.0359375 0.0265625
0.0 0.23750000000000004 0.7828125 0.01875 0.0171875
0.0 0.446875 0.8171875 0.0265625 0.0203125
0.0 0.275 0.215625 0.065625 0.0234375
