0.0 0.3375 0.2515625 0.021875 0.053125
0.0 0.25 0.24375 0.03125 0.0453125
0.0 0.30937499999999996 0.225 0.021875 0.0140625
0.0 0.2828125 0.1890625 0.0296875 0.0203125
0.0 0.3578125 0.2140625 0.0484375 0.04375
0.0 0.19374999999999998 0.284375 0.05 0.0515625
0.0 0.27031249999999996 0.371875 0.0171875 0.0890625
0.0 0.23124999999999996 0.3765625 0.0421875 0.0375
0.0 0.18906250000000002 0.39375 0.0171875 0.0359375
0.0 0.303125 0.346875 0.028125 0.01875
0.0 0.34062499999999996 0.396875 0.0359375 0.0171875
0.0 0.275 0.471875 0.01875 0.040625
0.0 0.22031250000000002 0.453125 0.0171875 0.05
0.0 0.15937500000000004 0.478125 0.03125 0.025
0.0 0.259375 0.5109375 0.0375 0.046875
0.0 0.37812500000000004 0.65 0.053125 0.0765625
0.0 0.43281250000000004 0.58125 0.0171875 0.034375
0.0 0.4765625 0.5484375 0.0296875 0.0171875
0.0 0.4703125 0.5828125 0.04375 0.0421875
0.0 0.5328125 0.4953125 0.025 0.0359375
0.0 0.36875 0.4171875 0.0296875 0.021875
0.0 0.42656249999999996 0.396875 0.04375 0.0453125
0.0 0.5453125 0.3921875 0.04375 0.05625
0.0 0.6875 0.4578125 0.0375 0.0625
0.0 0.546875 0.5328125 0.0453125 0.0203125
0.0 0.53125 0.559375 0.015625 0.01875
0.0 0.575 0.578125 0.025 0.025
0.0 0.6515625 0.5625 0.025 0.034375
0.0 0.7796875 0.5609375 0.040625 0.028125
0.0 0.89375 0.575 0.034375 0.040625
0.0 0.809375 0.659375 0.021875 0.0234375
0.0 0.8390625 0.6609375 0.0171875 0.0140625
0.0 0.8578125 0.7171875 0.01875 0.0734375
0.0 0.7546875 0.70625 0.034375 0.04375
0.0 0.728125 0.734375 0.01875 0.021875
0.0 0.6671875 0.659375 0.015625 0.015625
0.0 0.6734375 0.6328125 0.0109375 0.015625
0.0 0.6171875 0.6125 0.01875 0.0203125
0.0 0.5671875 0.6625 0.0484375 0.01875
0.0 0.4671875 0.7171875 0.0546875 0.04375
0.0 0.5484375 0.75625 0.05 0.040625
