0.0 0.0825 0.0275 0.085 0.055
0.0 0.4325 0.0525 0.055 0.055
0.0 0.6125 0.1 0.125 0.14
0.0 0.41 0.1275 0.1 0.085
0.0 0.435 0.2125 0.06 0.055
0.0 0.34 0.3225 0.06 0.055
0.0 0.895 0.22 0.09 0.13
0.0 0.975 0.3625 0.05 0.075
0.0 0.7275 0.39 0.125 0.08
0.0 0.5025 0.42 0.065 0.05
0.0 0.3275 0.4175 0.095 0.075
0.0 0.36 0.505 0.08 0.1
0.0 0.27 0.56 0.12 0.15
0.0 0.835 0.6775 0.15 0.115
0.0 0.5775 0.7625 0.085 0.085
0.0 0.71 0.8025 0.1 0.115
0.0 0.8975 0.8825 0.205 0.075
0.0 0.9825 0.97 0.035 0.06
0.0 0.83 0.9925 0.07 0.015
0.0 0.5375 0.885 0.105 0.08
0.0 0.1575 0.67 0.095 0.13
0.0 0.01 0.4525 0.02 0.065
0.0 0.015 0.385 0.03 0.06
