0.0 0.6625 0.24375 0.05625 0.0328125
0.0 0.58125 0.2453125 0.028125 0.0609375
0.0 0.478125 0.2390625 0.025 0.0375
0.0 0.35 0.2796875 0.0453125 0.03125
0.0 0.47968750000000004 0.2828125 0.0984375 0.034375
0.0 0.4515625 0.3171875 0.01875 0.01875
0.0 0.4125 0.3640625 0.04375 0.04375
0.0 0.3296875 0.496875 0.0671875 0.096875
0.0 0.17812499999999998 0.5859375 0.028125 0.05625
0.0 0.35468750000000004 0.7171875 0.0640625 0.028125
0.0 0.415625 0.7015625 0.040625 0.0546875
0.0 0.41874999999999996 0.775 0.0484375 0.0921875
0.0 0.45781249999999996 0.7734375 0.0453125 0.04375
0.0 0.60625 0.8109375 0.065625 0.0375
0.0 0.640625 0.7765625 0.05625 0.0265625
0.0 0.815625 0.8015625 0.04375 0.0171875
0.0 0.7390625 0.7359375 0.04375 0.028125
0.0 0.90625 0.7046875 0.0390625 0.06875
0.0 0.7265625 0.6390625 0.0359375 0.053125
0.0 0.75625 0.5515625 0.021875 0.053125
0.0 0.8375 0.503125 0.0328125 0.040625
0.0 0.7609375 0.459375 0.0671875 0.0234375
0.0 0.6453125 0.4421875 0.028125 0.05625
0.0 0.56875 0.48125 0.034375 0.0671875
0.0 0.603125 0.5515625 0.075 0.040625
0.0 0.56875 0.5328125 0.0234375 0.0296875
0.0 0.5046875 0.5 0.0296875 0.0234375
0.0 0.490625 0.5171875 0.0375 0.021875
0.0 0.5640625 0.584375 0.0671875 0.01875
0.0 0.6109375 0.60625 0.0296875 0.0359375
0.0 0.5765625 0.6546875 0.0265625 0.0421875
0.0 0.553125 0.6125 0.0234375 0.0234375
0.0 0.5109375 0.6375 0.046875 0.0296875
0.0 0.453125 0.6203125 0.028125 0.0765625
0.0 0.5828125 0.3296875 0.05 0.01875
0.0 0.640625 0.3265625 0.0515625 0.0578125
0.0 0.7375 0.321875 0.028125 0.0328125
0.0 0.7328125 0.2609375 0.0296875 0.021875
0.0 0.815625 0.2859375 0.021875 0.0296875
0.0 0.7734375 0.315625 0.0171875 0.0578125
0.0 0.7609375 0.3609375 0.025 0.0171875
0.0 0.8171875 0.4171875 0.0234375 0.028125
