0.0 0.284375 0.23125 0.090625 0.0671875
0.0 0.1421875 0.253125 0.0515625 0.0375
0.0 0.4796875 0.2859375 0.053125 0.0359375
0.0 0.578125 0.3375 0.0390625 0.034375
0.0 0.6734375 0.328125 0.03125 0.04375
0.0 0.6859375 0.36875 0.06875 0.0265625
0.0 0.8078125 0.35 0.0328125 0.0203125
0.0 0.709375 0.4734375 0.021875 0.0265625
0.0 0.6828125 0.465625 0.0390625 0.046875
0.0 0.7390625 0.50625 0.0640625 0.01875
0.0 0.74375 0.5171875 0.021875 0.08125
0.0 0.8015625 0.5109375 0.0265625 0.0203125
0.0 0.8375 0.5203125 0.03125 0.040625
0.0 0.875 0.53125 0.015625 0.0234375
0.0 0.921875 0.509375 0.0234375 0.0578125
0.0 0.9453125 0.55 0.015625 0.021875
0.0 0.9140625 0.5625 0.021875 0.0359375
0.0 0.9046875 0.68125 0.028125 0.05625
0.0 0.859375 0.65 0.0359375 0.0171875
0.0 0.840625 0.7078125 0.0453125 0.090625
0.0 0.8125 0.6609375 0.021875 0.053125
0.0 0.8046875 0.609375 0.0234375 0.01875
0.0 0.7484375 0.71875 0.03125 0.021875
0.0 0.659375 0.690625 0.034375 0.028125
0.0 0.5890625 0.675 0.0515625 0.0625
0.0 0.46875 0.6796875 0.0953125 0.05
0.0 0.465625 0.746875 0.078125 0.0421875
0.0 0.303125 0.703125 0.0390625 0.0328125
0.0 0.3453125 0.7296875 0.034375 0.06875
0.0 0.165625 0.60625 0.0203125 0.0265625
0.0 0.3453125 0.5875 0.0578125 0.0328125
0.0 0.403125 0.55625 0.046875 0.025
0.0 0.49375 0.578125 0.0421875 0.0515625
0.0 0.575 0.528125 0.0953125 0.028125
0.0 0.584375 0.490625 0.053125 0.059375
0.0 0.584375 0.440625 0.025 0.0390625
0.0 0.465625 0.3765625 0.0359375 0.01875
0.0 0.7421875 0.2515625 0.0234375 0.025
0.0 0.2625 0.1828125 0.0390625 0.025
0.0 0.496875 0.1859375 0.01875 0.0296875
