0.0 0.9275 0.2225 0.085 0.135
0.0 0.9925 0.2575 0.015 0.165
0.0 0.8775 0.3725 0.235 0.165
0.0 0.6925 0.3425 0.155 0.185
0.0 0.765 0.535 0.09 0.08
0.0 0.64 0.645 0.19 0.05
0.0 0.5025 0.7625 0.055 0.055
0.0 0.345 0.7325 0.05 0.085
0.0 0.4675 0.67 0.115 0.22
0.0 0.5575 0.885 0.085 0.19
0.0 0.6975 0.915 0.235 0.1
0.0 0.6025 0.765 0.075 0.11
0.0 0.6825 0.7775 0.085 0.075
0.0 0.8475 0.86 0.125 0.09
0.0 0.7925 0.815 0.135 0.08
0.0 0.7675 0.7075 0.065 0.065
0.0 0.9725 0.5875 0.055 0.075
0.0 0.8925 0.6875 0.215 0.165
0.0 0.9425 0.805 0.115 0.3
0.0 0.9825 0.98 0.035 0.04
0.0 0.455 0.9875 0.05 0.025
