0.0 0.6078125 0.2 0.034375 0.025
0.0 0.640625 0.2296875 0.0265625 0.028125
0.0 0.5734375 0.2671875 0.0484375 0.0234375
0.0 0.5 0.2421875 0.028125 0.04375
0.0 0.41718750000000004 0.3359375 0.046875 0.0421875
0.0 0.44375 0.446875 0.0265625 0.046875
0.0 0.3421875 0.465625 0.01875 0.0796875
0.0 0.390625 0.5046875 0.040625 0.034375
0.0 0.37812500000000004 0.5484375 0.0359375 0.040625
0.0 0.2640625 0.5546875 0.0265625 0.053125
0.0 0.18437499999999996 0.5671875 0.0171875 0.015625
0.0 0.38593750000000004 0.6109375 0.0265625 0.03125
0.0 0.365625 0.6296875 0.05 0.0296875
0.0 0.521875 0.696875 0.0578125 0.0296875
0.0 0.559375 0.746875 0.0390625 0.0203125
0.0 0.646875 0.740625 0.0265625 0.0359375
0.0 0.690625 0.7671875 0.0203125 0.028125
0.0 0.7265625 0.7328125 0.025 0.0359375
0.0 0.71875 0.7734375 0.025 0.040625
0.0 0.571875 0.659375 0.08125 0.0328125
0.0 0.58125 0.65 0.0265625 0.0703125
0.0 0.5109375 0.625 0.0234375 0.01875
0.0 0.6046875 0.6046875 0.03125 0.03125
0.0 0.6359375 0.559375 0.0421875 0.046875
0.0 0.5828125 0.5328125 0.01875 0.0265625
0.0 0.528125 0.5484375 0.05 0.05
0.0 0.509375 0.5125 0.021875 0.05625
0.0 0.6609375 0.5953125 0.025 0.046875
0.0 0.6984375 0.615625 0.0421875 0.078125
0.0 0.7375 0.6265625 0.0171875 0.025
0.0 0.7921875 0.553125 0.0421875 0.0671875
0.0 0.6671875 0.5015625 0.0453125 0.0296875
0.0 0.6296875 0.484375 0.01875 0.0171875
0.0 0.6640625 0.4515625 0.0375 0.046875
0.0 0.703125 0.478125 0.04375 0.0453125
0.0 0.7375 0.425 0.0296875 0.0234375
0.0 0.790625 0.4015625 0.028125 0.0359375
0.0 0.6765625 0.340625 0.0640625 0.040625
0.0 0.634375 0.359375 0.05625 0.0359375
0.0 0.6078125 0.3234375 0.021875 0.01875
0.0 0.590625 0.3546875 0.0484375 0.040625
0.0 0.578125 0.3265625 0.0625 0.0640625
0.0 0.5484375 0.3984375 0.01875 0.025
0.0 0.5234375 0.409375 0.015625 0.034375
0.0 0.4921875 0.4234375 0.0296875 0.0421875
0.0 0.49375 0.4140625 0.0421875 0.05
0.0 0.7078125 0.2546875 0.025 0.015625
