0.0 0.715625 0.2015625 0.1046875 0.05625
0.0 0.7375 0.265625 0.040625 0.0265625
0.0 0.7203125 0.31875 0.034375 0.0796875
0.0 0.7734375 0.3671875 0.034375 0.025
0.0 0.7671875 0.4734375 0.0515625 0.0796875
0.0 0.7390625 0.45625 0.0375 0.046875
0.0 0.678125 0.459375 0.0734375 0.0625
0.0 0.6515625 0.39375 0.0421875 0.0921875
0.0 0.6046875 0.428125 0.03125 0.065625
0.0 0.590625 0.3703125 0.075 0.0921875
0.0 0.6484375 0.259375 0.0203125 0.0390625
0.0 0.6015625 0.2796875 0.0265625 0.08125
0.0 0.60625 0.21875 0.0453125 0.034375
0.0 0.534375 0.296875 0.0703125 0.0890625
0.0 0.459375 0.2484375 0.078125 0.1046875
0.0 0.4515625 0.2953125 0.1265625 0.0796875
0.0 0.4703125 0.365625 0.025 0.0625
0.0 0.4953125 0.440625 0.0375 0.11875
0.0 0.4421875 0.4 0.0265625 0.0359375
0.0 0.565625 0.4890625 0.05625 0.05
0.0 0.6078125 0.5125 0.0359375 0.0328125
0.0 0.7140625 0.6125 0.0296875 0.0390625
0.0 0.74375 0.5875 0.034375 0.046875
0.0 0.7375 0.6375 0.0890625 0.0640625
0.0 0.628125 0.68125 0.0765625 0.028125
0.0 0.571875 0.6546875 0.025 0.05
0.0 0.6578125 0.775 0.059375 0.03125
0.0 0.584375 0.75625 0.0203125 0.0296875
0.0 0.58125 0.5890625 0.0640625 0.0375
0.0 0.4953125 0.5859375 0.04375 0.0765625
0.0 0.4328125 0.6859375 0.0265625 0.0671875
0.0 0.3609375 0.571875 0.025 0.0859375
0.0 0.4390625 0.5578125 0.0890625 0.0671875
0.0 0.2453125 0.5578125 0.1328125 0.0859375
0.0 0.296875 0.7 0.075 0.109375
0.0 0.3109375 0.7765625 0.034375 0.034375
0.0 0.1359375 0.45625 0.03125 0.109375
0.0 0.2171875 0.4625 0.028125 0.0421875
0.0 0.290625 0.415625 0.075 0.134375
0.0 0.3828125 0.4609375 0.025 0.0546875
0.0 0.2796875 0.35 0.0421875 0.0796875
0.0 0.3078125 0.271875 0.0765625 0.040625
0.0 0.3453125 0.2015625 0.0515625 0.0234375
0.0 0.2125 0.215625 0.090625 0.0375
0.0 0.1828125 0.2953125 0.03125 0.0515625
0.0 0.1765625 0.340625 0.1453125 0.06875
