0.0 0.4359375 0.2671875 0.075 0.0265625
0.0 0.46875 0.290625 0.0546875 0.0421875
0.0 0.5328125 0.328125 0.0296875 0.034375
0.0 0.5671875 0.2796875 0.034375 0.096875
0.0 0.4953125 0.3171875 0.028125 0.0390625
0.0 0.4671875 0.340625 0.0609375 0.0375
0.0 0.4953125 0.371875 0.046875 0.0328125
0.0 0.575 0.40625 0.0171875 0.03125
0.0 0.5765625 0.3578125 0.084375 0.10625
0.0 0.684375 0.3125 0.0828125 0.0390625
0.0 0.675 0.371875 0.0609375 0.1109375
0.0 0.6265625 0.415625 0.0703125 0.0296875
0.0 0.6375 0.4625 0.025 0.021875
0.0 0.7265625 0.4890625 0.0453125 0.103125
0.0 0.7125 0.5453125 0.0703125 0.071875
0.0 0.659375 0.5703125 0.0328125 0.0296875
0.0 0.640625 0.509375 0.01875 0.0265625
0.0 0.61875 0.5015625 0.025 0.0375
0.0 0.5765625 0.459375 0.04375 0.0515625
0.0 0.5171875 0.50625 0.05 0.021875
0.0 0.521875 0.5796875 0.0671875 0.025
0.0 0.5890625 0.59375 0.0625 0.0359375
0.0 0.58125 0.59375 0.0625 0.0765625
0.0 0.625 0.671875 0.0828125 0.015625
0.0 0.55 0.684375 0.0140625 0.025
0.0 0.478125 0.734375 0.0546875 0.034375
0.0 0.4953125 0.6421875 0.0171875 0.0328125
0.0 0.4296875 0.6515625 0.015625 0.0359375
0.0 0.45625 0.61875 0.028125 0.01875
0.0 0.43125 0.565625 0.021875 0.0453125
0.0 0.4234375 0.5203125 0.0265625 0.021875
0.0 0.34375 0.5140625 0.040625 0.0359375
0.0 0.378125 0.5375 0.0390625 0.0578125
0.0 0.2703125 0.5328125 0.0328125 0.0703125
0.0 0.325 0.6359375 0.04375 0.053125
0.0 0.359375 0.678125 0.0203125 0.0609375
0.0 0.39375 0.4390625 0.078125 0.028125
0.0 0.334375 0.434375 0.0328125 0.0453125
0.0 0.3 0.44375 0.015625 0.025
0.0 0.259375 0.4296875 0.059375 0.071875
0.0 0.3109375 0.3796875 0.0625 0.0546875
0.0 0.3453125 0.3515625 0.0375 0.0296875
0.0 0.3875 0.31875 0.059375 0.0375
0.0 0.359375 0.284375 0.0265625 0.046875
0.0 0.440625 0.40625 0.0890625 0.03125
0.0 0.459375 0.4640625 0.059375 0.028125
