0.0 0.34375 0.2640625 0.065625 0.0234375
0.0 0.421875 0.265625 0.034375 0.028125
0.0 0.31875 0.321875 0.1078125 0.0203125
0.0 0.3765625 0.378125 0.034375 0.01875
0.0 0.34062499999999996 0.3796875 0.040625 0.0625
0.0 0.35468750000000004 0.4796875 0.075 0.0671875
0.0 0.334375 0.5484375 0.0453125 0.0328125
0.0 0.4078125 0.4890625 0.0515625 0.0375
0.0 0.44218749999999996 0.4875 0.0234375 0.0515625
0.0 0.4703125 0.4765625 0.021875 0.04375
0.0 0.4453125 0.5875 0.06875 0.021875
0.0 0.3890625 0.6609375 0.0390625 0.0484375
0.0 0.396875 0.6203125 0.034375 0.05
0.0 0.446875 0.696875 0.025 0.0375
0.0 0.47343749999999996 0.709375 0.0296875 0.0515625
0.0 0.50625 0.6828125 0.05625 0.078125
0.0 0.5609375 0.7171875 0.028125 0.0328125
0.0 0.5609375 0.7765625 0.0265625 0.021875
0.0 0.6328125 0.7703125 0.021875 0.025
0.0 0.6296875 0.6671875 0.0265625 0.0234375
0.0 0.5828125 0.64375 0.0234375 0.028125
0.0 0.5515625 0.6046875 0.03125 0.0375
0.0 0.5734375 0.5765625 0.053125 0.0609375
0.0 0.51875 0.465625 0.021875 0.05
0.0 0.5515625 0.4671875 0.0171875 0.0234375
0.0 0.5015625 0.40625 0.03125 0.03125
0.0 0.46406250000000004 0.38125 0.0546875 0.04375
0.0 0.44218749999999996 0.35 0.034375 0.015625
0.0 0.4375 0.353125 0.0328125 0.096875
0.0 0.4546875 0.290625 0.0515625 0.0234375
0.0 0.4984375 0.29375 0.04375 0.0765625
0.0 0.546875 0.30625 0.015625 0.015625
0.0 0.5828125 0.2875 0.0296875 0.0265625
0.0 0.584375 0.3296875 0.05625 0.0453125
0.0 0.621875 0.3171875 0.0390625 0.0640625
0.0 0.6640625 0.296875 0.065625 0.0640625
0.0 0.58125 0.4046875 0.0578125 0.0328125
0.0 0.6140625 0.4640625 0.0421875 0.0234375
0.0 0.64375 0.5234375 0.034375 0.0453125
0.0 0.6484375 0.5578125 0.065625 0.05
0.0 0.6703125 0.615625 0.0375 0.03125
0.0 0.684375 0.6421875 0.03125 0.028125
0.0 0.7140625 0.6375 0.0234375 0.053125
0.0 0.7421875 0.659375 0.0265625 0.04375
0.0 0.7453125 0.621875 0.0234375 0.0265625
0.0 0.7640625 0.515625 0.04375 0.0421875
