0.0 0.403125 0.2984375 0.053125 0.04375
0.0 0.4828125 0.3015625 0.0359375 0.034375
0.0 0.60625 0.309375 0.0296875 0.0359375
0.0 0.5625 0.315625 0.025 0.028125
0.0 0.6484375 0.3265625 0.0296875 0.025
0.0 0.209375 0.3859375 0.0296875 0.040625
0.0 0.2640625 0.3890625 0.0234375 0.0453125
0.0 0.4140625 0.4015625 0.04375 0.0484375
0.0 0.6578125 0.4125 0.025 0.05
0.0 0.3390625 0.4125 0.021875 0.028125
0.0 0.496875 0.4171875 0.05 0.0421875
0.0 0.5515625 0.4203125 0.034375 0.0984375
0.0 0.725 0.4265625 0.034375 0.0703125
0.0 0.275 0.4359375 0.046875 0.034375
0.0 0.328125 0.44375 0.0265625 0.0265625
0.0 0.3578125 0.4546875 0.01875 0.03125
0.0 0.5953125 0.459375 0.096875 0.0421875
0.0 0.68125 0.4609375 0.021875 0.0453125
0.0 0.50625 0.4625 0.0828125 0.0703125
0.0 0.4125 0.465625 0.0546875 0.040625
0.0 0.653125 0.48125 0.0328125 0.0625
0.0 0.26875 0.484375 0.0546875 0.028125
0.0 0.48125 0.5125 0.0296875 0.0234375
0.0 0.54375 0.5140625 0.05625 0.0484375
0.0 0.553125 0.521875 0.021875 0.0390625
0.0 0.69375 0.5234375 0.0234375 0.0234375
0.0 0.3890625 0.534375 0.071875 0.0953125
0.0 0.4328125 0.5375 0.053125 0.0375
0.0 0.353125 0.565625 0.0421875 0.0609375
0.0 0.246875 0.571875 0.059375 0.0671875
0.0 0.5734375 0.5765625 0.04375 0.05
0.0 0.6140625 0.578125 0.015625 0.0265625
0.0 0.6953125 0.578125 0.03125 0.053125
0.0 0.38125 0.5984375 0.04375 0.04375
0.0 0.7125 0.615625 0.0390625 0.040625
0.0 0.546875 0.63125 0.0265625 0.025
0.0 0.4953125 0.63125 0.034375 0.034375
0.0 0.2328125 0.6375 0.025 0.0359375
0.0 0.4125 0.6453125 0.028125 0.040625
0.0 0.6953125 0.6578125 0.0265625 0.03125
0.0 0.3140625 0.66875 0.034375 0.053125
0.0 0.384375 0.6859375 0.03125 0.0671875
0.0 0.5828125 0.6875 0.0765625 0.0234375
0.0 0.5578125 0.6984375 0.034375 0.0765625
0.0 0.4171875 0.715625 0.021875 0.034375
0.0 0.5046875 0.7859375 0.0296875 0.059375
