0.0 0.384375 0.2078125 0.053125 0.0171875
0.0 0.396875 0.234375 0.021875 0.01875
0.0 0.42656249999999996 0.3375 0.08125 0.0375
0.0 0.3359375 0.375 0.0203125 0.021875
0.0 0.428125 0.365625 0.0296875 0.01875
0.0 0.47343749999999996 0.3859375 0.065625 0.0171875
0.0 0.49375 0.4140625 0.0640625 0.0296875
0.0 0.375 0.5078125 0.0375 0.0875
0.0 0.40312499999999996 0.5203125 0.040625 0.025
0.0 0.44218749999999996 0.484375 0.028125 0.0484375
0.0 0.48124999999999996 0.5015625 0.040625 0.0609375
0.0 0.5015625 0.5390625 0.0546875 0.059375
0.0 0.4921875 0.5921875 0.025 0.0171875
0.0 0.421875 0.621875 0.05 0.05625
0.0 0.47343749999999996 0.653125 0.03125 0.0171875
0.0 0.509375 0.61875 0.05 0.0265625
0.0 0.5421875 0.5859375 0.0203125 0.053125
0.0 0.54375 0.70625 0.025 0.0234375
0.0 0.5609375 0.728125 0.034375 0.03125
0.0 0.6125 0.734375 0.0484375 0.0265625
0.0 0.5984375 0.6890625 0.028125 0.040625
0.0 0.7140625 0.775 0.0328125 0.0265625
0.0 0.66875 0.675 0.0515625 0.015625
0.0 0.5890625 0.6171875 0.0296875 0.0265625
0.0 0.690625 0.5953125 0.03125 0.03125
0.0 0.7171875 0.6109375 0.03125 0.065625
0.0 0.753125 0.575 0.0375 0.0453125
0.0 0.8015625 0.5671875 0.015625 0.0328125
0.0 0.7984375 0.5390625 0.0484375 0.021875
0.0 0.6984375 0.5 0.015625 0.0390625
0.0 0.6984375 0.4640625 0.0125 0.0234375
0.0 0.584375 0.571875 0.0609375 0.0390625
0.0 0.603125 0.5328125 0.04375 0.059375
0.0 0.5625 0.5359375 0.0421875 0.0296875
0.0 0.575 0.4953125 0.0171875 0.025
0.0 0.6140625 0.4875 0.05 0.0203125
0.0 0.525 0.4515625 0.0203125 0.0265625
0.0 0.6296875 0.4515625 0.01875 0.0203125
0.0 0.596875 0.4609375 0.053125 0.028125
0.0 0.565625 0.40625 0.021875 0.0359375
0.0 0.5515625 0.3484375 0.015625 0.0234375
0.0 0.5703125 0.284375 0.0640625 0.0234375
0.0 0.6484375 0.3921875 0.03125 0.01875
0.0 0.6625 0.371875 0.0390625 0.0453125
0.0 0.7 0.4203125 0.0484375 0.040625
0.0 0.7171875 0.2546875 0.05 0.0421875
