0.0 0.528125 0.2859375 0.01875 0.025
0.0 0.4125 0.3015625 0.021875 0.015625
0.0 0.3078125 0.3140625 0.0265625 0.0515625
0.0 0.428125 0.3234375 0.0234375 0.03125
0.0 0.50625 0.3421875 0.059375 0.0390625
0.0 0.6359375 0.365625 0.0359375 0.0421875
0.0 0.4625 0.36875 0.0203125 0.059375
0.0 0.7484375 0.3765625 0.0171875 0.015625
0.0 0.3390625 0.3828125 0.0171875 0.021875
0.0 0.1703125 0.4015625 0.0453125 0.0296875
0.0 0.4984375 0.4015625 0.04375 0.03125
0.0 0.565625 0.4015625 0.0296875 0.021875
0.0 0.61875 0.409375 0.01875 0.01875
0.0 0.5390625 0.428125 0.0234375 0.021875
0.0 0.4171875 0.4515625 0.0265625 0.021875
0.0 0.725 0.4546875 0.0296875 0.040625
0.0 0.221875 0.45625 0.04375 0.025
0.0 0.3265625 0.4625 0.046875 0.0484375
0.0 0.390625 0.465625 0.040625 0.0359375
0.0 0.5453125 0.475 0.025 0.025
0.0 0.2640625 0.490625 0.0296875 0.0234375
0.0 0.5328125 0.4953125 0.0671875 0.053125
0.0 0.4828125 0.51875 0.0328125 0.0296875
0.0 0.30625 0.5203125 0.040625 0.025
0.0 0.5203125 0.525 0.0359375 0.05
0.0 0.75 0.540625 0.028125 0.025
0.0 0.378125 0.5546875 0.0359375 0.059375
0.0 0.6828125 0.5640625 0.028125 0.0515625
0.0 0.33125 0.5703125 0.0203125 0.034375
0.0 0.5140625 0.6 0.0515625 0.034375
0.0 0.428125 0.6046875 0.034375 0.0359375
0.0 0.74375 0.615625 0.0421875 0.03125
0.0 0.434375 0.6375 0.0171875 0.021875
0.0 0.559375 0.6453125 0.0734375 0.021875
0.0 0.4671875 0.653125 0.040625 0.0390625
0.0 0.65 0.6671875 0.0390625 0.065625
0.0 0.5671875 0.6734375 0.021875 0.040625
0.0 0.4453125 0.6796875 0.05625 0.0359375
0.0 0.575 0.6796875 0.0640625 0.0234375
0.0 0.540625 0.6890625 0.05625 0.059375
0.0 0.453125 0.7171875 0.053125 0.025
0.0 0.6078125 0.728125 0.0265625 0.0359375
0.0 0.521875 0.7328125 0.0265625 0.021875
