0.0 0.6515625 0.25625 0.0171875 0.0953125
0.0 0.603125 0.4046875 0.04375 0.0546875
0.0 0.5203125 0.3578125 0.0484375 0.05625
0.0 0.47343749999999996 0.4078125 0.0484375 0.05625
0.0 0.44218749999999996 0.315625 0.015625 0.09375
0.0 0.3828125 0.3546875 0.040625 0.0734375
0.0 0.23750000000000004 0.403125 0.040625 0.05625
0.0 0.14531249999999996 0.3703125 0.0375 0.10625
0.0 0.19062500000000004 0.2859375 0.0640625 0.03125
0.0 0.334375 0.5375 0.0296875 0.0296875
0.0 0.28437500000000004 0.55 0.021875 0.01875
0.0 0.353125 0.4890625 0.059375 0.053125
0.0 0.36875 0.6703125 0.0296875 0.0546875
0.0 0.4296875 0.6515625 0.0515625 0.0484375
0.0 0.575 0.5546875 0.0390625 0.0359375
0.0 0.6125 0.5359375 0.0390625 0.0390625
0.0 0.6296875 0.61875 0.0203125 0.1375
0.0 0.6640625 0.6171875 0.015625 0.0171875
0.0 0.5359375 0.6765625 0.015625 0.03125
0.0 0.503125 0.7734375 0.0921875 0.0375
0.0 0.321875 0.76875 0.0265625 0.115625
0.0 0.28437500000000004 0.803125 0.028125 0.05
0.0 0.353125 0.753125 0.125 0.0359375
0.0 0.2265625 0.7828125 0.015625 0.0328125
0.0 0.1875 0.74375 0.0140625 0.021875
0.0 0.20156249999999998 0.7640625 0.03125 0.059375
0.0 0.14531249999999996 0.615625 0.01875 0.0515625
0.0 0.625 0.809375 0.0453125 0.0359375
0.0 0.7484375 0.7828125 0.05625 0.0203125
0.0 0.21250000000000002 0.2234375 0.015625 0.040625
0.0 0.7671875 0.65625 0.0390625 0.046875
