0.0 0.7475 0.0225 0.245 0.045
0.0 0.4675 0.0625 0.195 0.125
0.0 0.635 0.0575 0.11 0.115
0.0 0.9275 0.1275 0.075 0.065
0.0 0.0225 0.1375 0.045 0.125
0.0 0.5625 0.17 0.065 0.06
0.0 0.9175 0.2675 0.165 0.075
0.0 0.605 0.3025 0.17 0.085
0.0 0.4025 0.32 0.095 0.07
0.0 0.5275 0.4025 0.075 0.085
0.0 0.3675 0.4475 0.105 0.175
0.0 0.8975 0.4525 0.075 0.105
0.0 0.7325 0.4575 0.155 0.075
0.0 0.9825 0.4925 0.035 0.175
0.0 0.26 0.5175 0.13 0.245
0.0 0.4775 0.6275 0.135 0.085
0.0 0.8225 0.6325 0.075 0.085
0.0 0.585 0.715 0.06 0.11
0.0 0.6425 0.8225 0.345 0.075
