0.0 0.395 0.0925 0.09 0.185
0.0 0.1375 0.15 0.075 0.07
0.0 0.3075 0.1725 0.135 0.125
0.0 0.1125 0.2125 0.065 0.045
0.0 0.2925 0.2575 0.145 0.105
0.0 0.1825 0.315 0.085 0.06
0.0 0.42 0.32 0.08 0.05
0.0 0.77 0.335 0.12 0.15
0.0 0.3425 0.4175 0.205 0.065
0.0 0.7575 0.435 0.085 0.09
0.0 0.17 0.4625 0.14 0.085
0.0 0.36 0.535 0.1 0.13
0.0 0.605 0.5425 0.09 0.165
0.0 0.1325 0.555 0.065 0.06
0.0 0.23 0.5675 0.07 0.055
0.0 0.0225 0.57 0.045 0.15
0.0 0.425 0.5825 0.08 0.115
0.0 0.1725 0.675 0.115 0.1
0.0 0.3625 0.6875 0.145 0.075
0.0 0.78 0.7175 0.07 0.105
0.0 0.715 0.8325 0.06 0.185
0.0 0.35 0.88 0.15 0.09
0.0 0.9875 0.905 0.025 0.19
0.0 0.5475 0.93 0.095 0.09
0.0 0.7925 0.945 0.095 0.11
