0.0 0.5609375 0.30625 0.0546875 0.046875
0.0 0.540625 0.4359375 0.028125 0.0609375
0.0 0.5703125 0.446875 0.0328125 0.0234375
0.0 0.43437499999999996 0.46875 0.0640625 0.1109375
0.0 0.55 0.5046875 0.1 0.046875
0.0 0.5796875 0.5421875 0.025 0.0359375
0.0 0.509375 0.58125 0.0390625 0.040625
0.0 0.7140625 0.584375 0.0390625 0.0578125
0.0 0.5109375 0.5875 0.0578125 0.0375
0.0 0.5890625 0.596875 0.034375 0.0453125
0.0 0.63125 0.603125 0.05625 0.08125
0.0 0.6484375 0.6109375 0.0734375 0.03125
0.0 0.3765625 0.6203125 0.0359375 0.0640625
0.0 0.45781249999999996 0.6640625 0.046875 0.0859375
0.0 0.5484375 0.6734375 0.0171875 0.04375
0.0 0.3828125 0.6734375 0.0453125 0.021875
0.0 0.5046875 0.675 0.053125 0.0546875
0.0 0.740625 0.6765625 0.046875 0.10625
0.0 0.634375 0.69375 0.04375 0.0765625
0.0 0.31718749999999996 0.69375 0.0484375 0.0265625
0.0 0.4078125 0.7 0.084375 0.021875
0.0 0.5921875 0.7046875 0.046875 0.078125
0.0 0.3890625 0.73125 0.0640625 0.0359375
0.0 0.759375 0.7359375 0.0234375 0.0625
0.0 0.5546875 0.740625 0.0328125 0.0234375
0.0 0.64375 0.74375 0.040625 0.034375
0.0 0.68125 0.74375 0.0265625 0.0421875
0.0 0.7171875 0.75 0.0390625 0.0296875
0.0 0.334375 0.7625 0.0296875 0.0203125
0.0 0.5375 0.76875 0.0609375 0.0203125
0.0 0.6453125 0.78125 0.0328125 0.03125
0.0 0.334375 0.8015625 0.078125 0.0625
0.0 0.5578125 0.809375 0.0296875 0.0390625
0.0 0.40937500000000004 0.815625 0.021875 0.03125
