0.0 0.66875 0.246875 0.0734375 0.0328125
0.0 0.6875 0.2765625 0.021875 0.0171875
0.0 0.6640625 0.3265625 0.0296875 0.0375
0.0 0.615625 0.321875 0.0453125 0.0390625
0.0 0.7484375 0.3328125 0.05 0.01875
0.0 0.78125 0.4578125 0.0265625 0.0625
0.0 0.7203125 0.4671875 0.03125 0.021875
0.0 0.7078125 0.5 0.0359375 0.01875
0.0 0.584375 0.4359375 0.0375 0.01875
0.0 0.6421875 0.56875 0.04375 0.0453125
0.0 0.5703125 0.5375 0.0234375 0.046875
0.0 0.43125 0.20625 0.0203125 0.0234375
0.0 0.4328125 0.2859375 0.0421875 0.025
0.0 0.4609375 0.303125 0.0796875 0.0328125
0.0 0.465625 0.3234375 0.021875 0.021875
0.0 0.446875 0.3359375 0.0296875 0.025
0.0 0.48125 0.3625 0.0515625 0.0390625
0.0 0.521875 0.41875 0.0234375 0.0359375
0.0 0.515625 0.45625 0.0515625 0.0453125
0.0 0.4609375 0.465625 0.028125 0.046875
0.0 0.4578125 0.4671875 0.0640625 0.0328125
0.0 0.384375 0.44375 0.0203125 0.025
0.0 0.340625 0.33125 0.0640625 0.059375
0.0 0.33125 0.39375 0.0578125 0.0234375
0.0 0.26875 0.440625 0.021875 0.021875
0.0 0.265625 0.5 0.0234375 0.01875
0.0 0.2875 0.565625 0.0265625 0.028125
0.0 0.259375 0.553125 0.0359375 0.0515625
0.0 0.2390625 0.59375 0.0234375 0.0171875
0.0 0.2140625 0.5328125 0.028125 0.05625
0.0 0.1671875 0.5609375 0.03125 0.0421875
0.0 0.471875 0.5359375 0.0203125 0.0375
0.0 0.4171875 0.5796875 0.0375 0.0359375
0.0 0.521875 0.6 0.0546875 0.05
0.0 0.409375 0.6078125 0.0203125 0.01875
0.0 0.4453125 0.628125 0.04375 0.0390625
0.0 0.3875 0.6703125 0.03125 0.015625
0.0 0.5 0.7046875 0.0421875 0.075
0.0 0.5421875 0.7296875 0.046875 0.021875
0.0 0.2859375 0.7578125 0.03125 0.025
0.0 0.328125 0.7953125 0.034375 0.04375
0.0 0.284375 0.6640625 0.028125 0.0375
0.0 0.6015625 0.7640625 0.0265625 0.05
