0.0 0.4671875 0.25625 0.0359375 0.0640625
0.0 0.4921875 0.2609375 0.01875 0.0359375
0.0 0.55625 0.2625 0.0375 0.0390625
0.0 0.590625 0.2890625 0.0515625 0.0390625
0.0 0.640625 0.3109375 0.0296875 0.0375
0.0 0.5484375 0.3390625 0.01875 0.0234375
0.0 0.38125 0.359375 0.046875 0.0390625
0.0 0.44062500000000004 0.3640625 0.021875 0.0328125
0.0 0.6875 0.3828125 0.0328125 0.0296875
0.0 0.3984375 0.390625 0.053125 0.053125
0.0 0.35468750000000004 0.390625 0.028125 0.0484375
0.0 0.5234375 0.3953125 0.025 0.0265625
0.0 0.659375 0.4171875 0.0625 0.0296875
0.0 0.4765625 0.4203125 0.0484375 0.046875
0.0 0.5078125 0.428125 0.0578125 0.046875
0.0 0.39375000000000004 0.4328125 0.0625 0.0515625
0.0 0.30000000000000004 0.4359375 0.0203125 0.09375
0.0 0.4375 0.446875 0.0234375 0.034375
0.0 0.5765625 0.446875 0.0234375 0.1046875
0.0 0.48906249999999996 0.4515625 0.0171875 0.028125
0.0 0.596875 0.4546875 0.0203125 0.05
0.0 0.45781249999999996 0.4609375 0.0203125 0.0203125
0.0 0.109375 0.4640625 0.025 0.025
0.0 0.49687499999999996 0.4890625 0.0453125 0.0359375
0.0 0.4703125 0.5125 0.0234375 0.0234375
0.0 0.646875 0.515625 0.025 0.0421875
0.0 0.3359375 0.5203125 0.0296875 0.0234375
0.0 0.6078125 0.5234375 0.021875 0.046875
0.0 0.4453125 0.525 0.028125 0.05
0.0 0.47187500000000004 0.546875 0.0203125 0.03125
0.0 0.328125 0.55 0.0703125 0.0265625
0.0 0.37968749999999996 0.56875 0.0171875 0.034375
0.0 0.28437500000000004 0.590625 0.0640625 0.0359375
0.0 0.3609375 0.5984375 0.0421875 0.05
0.0 0.4390625 0.6015625 0.040625 0.0640625
0.0 0.28593749999999996 0.603125 0.0328125 0.0890625
0.0 0.17656249999999996 0.609375 0.03125 0.0515625
0.0 0.22499999999999998 0.634375 0.04375 0.0375
0.0 0.30156249999999996 0.6703125 0.0453125 0.0453125
0.0 0.24062499999999998 0.6703125 0.071875 0.05
0.0 0.4375 0.678125 0.0734375 0.0625
0.0 0.534375 0.6859375 0.034375 0.0515625
0.0 0.375 0.6921875 0.0359375 0.0765625
0.0 0.4375 0.74375 0.03125 0.01875
0.0 0.32343750000000004 0.775 0.028125 0.0625
0.0 0.40937500000000004 0.79375 0.0546875 0.0453125
