0.0 0.005 0.2325 0.01 0.115
0.0 0.0125 0.4375 0.025 0.195
0.0 0.015 0.6725 0.03 0.085
0.0 0.0475 0.7925 0.095 0.125
0.0 0.4275 0.3325 0.125 0.075
0.0 0.265 0.5075 0.1 0.095
0.0 0.5475 0.4825 0.235 0.095
0.0 0.79 0.515 0.09 0.1
0.0 0.6125 0.61 0.125 0.14
0.0 0.4175 0.5925 0.075 0.145
0.0 0.5075 0.6725 0.095 0.075
0.0 0.315 0.635 0.07 0.13
0.0 0.3975 0.845 0.215 0.18
0.0 0.445 0.97 0.11 0.06
0.0 0.5525 0.95 0.085 0.06
0.0 0.7225 0.9975 0.075 0.005
0.0 0.92 0.9075 0.1 0.155
0.0 0.945 0.7825 0.1 0.095
0.0 1.0 0.9275 0.0 0.145
0.0 0.955 0.9875 0.09 0.025
0.0 0.94 0.52 0.09 0.1
0.0 0.945 0.42 0.11 0.08
