0.0 0.55625 0.2859375 0.046875 0.0328125
0.0 0.45 0.321875 0.0578125 0.0375
0.0 0.4125 0.35625 0.084375 0.034375
0.0 0.5125 0.384375 0.0375 0.0328125
0.0 0.7703125 0.4078125 0.0609375 0.0484375
0.0 0.56875 0.4109375 0.0828125 0.0671875
0.0 0.3703125 0.4171875 0.0171875 0.0296875
0.0 0.6421875 0.44375 0.0609375 0.0328125
0.0 0.459375 0.4484375 0.0296875 0.0625
0.0 0.35 0.453125 0.0546875 0.065625
0.0 0.7890625 0.4578125 0.053125 0.025
0.0 0.55625 0.4875 0.0671875 0.0171875
0.0 0.2734375 0.5 0.025 0.0265625
0.0 0.4859375 0.5140625 0.0203125 0.128125
0.0 0.6953125 0.5171875 0.01875 0.0375
0.0 0.5578125 0.5234375 0.065625 0.0453125
0.0 0.165625 0.5296875 0.0625 0.1171875
0.0 0.634375 0.534375 0.05 0.0796875
0.0 0.76875 0.5359375 0.01875 0.0296875
0.0 0.3078125 0.5421875 0.0421875 0.0703125
0.0 0.5421875 0.5453125 0.0390625 0.05625
0.0 0.7859375 0.546875 0.065625 0.03125
0.0 0.6390625 0.5578125 0.084375 0.025
0.0 0.71875 0.5609375 0.021875 0.0296875
0.0 0.89375 0.5625 0.059375 0.1109375
0.0 0.6359375 0.58125 0.0203125 0.0203125
0.0 0.3640625 0.5828125 0.03125 0.0359375
0.0 0.39375 0.5875 0.021875 0.0625
0.0 0.8265625 0.6140625 0.0390625 0.078125
0.0 0.7765625 0.6203125 0.0671875 0.0234375
0.0 0.75 0.621875 0.034375 0.0609375
0.0 0.5359375 0.621875 0.0671875 0.0265625
0.0 0.6890625 0.634375 0.0765625 0.1046875
0.0 0.6296875 0.634375 0.0328125 0.0203125
0.0 0.3015625 0.6375 0.025 0.0609375
0.0 0.790625 0.6375 0.021875 0.0453125
0.0 0.7125 0.65 0.040625 0.0375
0.0 0.5046875 0.6671875 0.0453125 0.0265625
0.0 0.653125 0.6671875 0.0484375 0.0296875
0.0 0.4375 0.6796875 0.0296875 0.0265625
0.0 0.7546875 0.690625 0.0203125 0.04375
0.0 0.5125 0.690625 0.084375 0.05625
0.0 0.821875 0.7046875 0.01875 0.0625
0.0 0.8015625 0.7234375 0.01875 0.03125
0.0 0.4859375 0.75625 0.0234375 0.0375
