0.0 0.6453125 0.31875 0.0296875 0.01875
0.0 0.3640625 0.3484375 0.053125 0.028125
0.0 0.65625 0.3671875 0.075 0.0375
0.0 0.5796875 0.3734375 0.0421875 0.046875
0.0 0.4828125 0.38125 0.0265625 0.0265625
0.0 0.4296875 0.390625 0.053125 0.025
0.0 0.5609375 0.3984375 0.021875 0.0421875
0.0 0.3921875 0.4046875 0.0234375 0.025
0.0 0.284375 0.4203125 0.04375 0.028125
0.0 0.4296875 0.4203125 0.034375 0.0390625
0.0 0.5328125 0.4296875 0.040625 0.0515625
0.0 0.6359375 0.4328125 0.0703125 0.05
0.0 0.465625 0.4359375 0.028125 0.034375
0.0 0.5984375 0.44375 0.053125 0.0328125
0.0 0.4515625 0.45 0.015625 0.021875
0.0 0.4296875 0.453125 0.015625 0.01875
0.0 0.7109375 0.4578125 0.0375 0.046875
0.0 0.3703125 0.459375 0.0234375 0.03125
0.0 0.196875 0.4625 0.0375 0.04375
0.0 0.5375 0.46875 0.0203125 0.0453125
0.0 0.328125 0.478125 0.025 0.059375
0.0 0.5921875 0.484375 0.0203125 0.0234375
0.0 0.428125 0.4921875 0.0296875 0.0234375
0.0 0.5328125 0.503125 0.04375 0.0203125
0.0 0.2046875 0.5078125 0.0359375 0.0296875
0.0 0.38125 0.5078125 0.0296875 0.01875
0.0 0.734375 0.509375 0.0171875 0.0234375
0.0 0.6875 0.5109375 0.0640625 0.0515625
0.0 0.5515625 0.51875 0.0203125 0.04375
0.0 0.4453125 0.5296875 0.0375 0.021875
0.0 0.48125 0.540625 0.03125 0.0625
0.0 0.5125 0.540625 0.0203125 0.03125
0.0 0.5828125 0.5546875 0.0171875 0.0203125
0.0 0.34375 0.5640625 0.046875 0.05625
0.0 0.6171875 0.571875 0.0421875 0.0328125
0.0 0.7453125 0.5734375 0.0421875 0.0296875
0.0 0.6640625 0.575 0.0296875 0.05625
0.0 0.546875 0.5828125 0.01875 0.0296875
0.0 0.4171875 0.5828125 0.0203125 0.025
0.0 0.3828125 0.615625 0.034375 0.0484375
0.0 0.2828125 0.6234375 0.053125 0.075
0.0 0.5296875 0.625 0.0359375 0.0375
0.0 0.403125 0.653125 0.05 0.053125
0.0 0.4453125 0.6546875 0.0265625 0.015625
0.0 0.3421875 0.690625 0.0375 0.046875
