0.0 0.4390625 0.30625 0.0546875 0.046875
0.0 0.459375 0.4359375 0.028125 0.0609375
0.0 0.4296875 0.446875 0.0328125 0.0234375
0.0 0.565625 0.46875 0.0640625 0.1109375
0.0 0.45 0.5046875 0.1 0.046875
0.0 0.4203125 0.5421875 0.025 0.0359375
0.0 0.490625 0.58125 0.0390625 0.040625
0.0 0.2859375 0.584375 0.0390625 0.0578125
0.0 0.4890625 0.5875 0.0578125 0.0375
0.0 0.4109375 0.596875 0.034375 0.0453125
0.0 0.36875 0.603125 0.05625 0.08125
0.0 0.3515625 0.6109375 0.0734375 0.03125
0.0 0.6234375 0.6203125 0.0359375 0.0640625
0.0 0.5421875 0.6640625 0.046875 0.0859375
0.0 0.4515625 0.6734375 0.0171875 0.04375
0.0 0.6171875 0.6734375 0.0453125 0.021875
0.0 0.4953125 0.675 0.053125 0.0546875
0.0 0.259375 0.6765625 0.046875 0.10625
0.0 0.365625 0.69375 0.04375 0.0765625
0.0 0.6828125 0.69375 0.0484375 0.0265625
0.0 0.5921875 0.7 0.084375 0.021875
0.0 0.4078125 0.7046875 0.046875 0.078125
0.0 0.6109375 0.73125 0.0640625 0.0359375
0.0 0.240625 0.7359375 0.0234375 0.0625
0.0 0.4453125 0.740625 0.0328125 0.0234375
0.0 0.35625 0.74375 0.040625 0.034375
0.0 0.31875 0.74375 0.0265625 0.0421875
0.0 0.2828125 0.75 0.0390625 0.0296875
0.0 0.665625 0.7625 0.0296875 0.0203125
0.0 0.4625 0.76875 0.0609375 0.0203125
0.0 0.3546875 0.78125 0.0328125 0.03125
0.0 0.665625 0.8015625 0.078125 0.0625
0.0 0.4421875 0.809375 0.0296875 0.0390625
0.0 0.590625 0.815625 0.021875 0.03125
