0.0 0.5015625 0.259375 0.0328125 0.040625
0.0 0.478125 0.2625 0.0609375 0.10625
0.0 0.14531249999999996 0.271875 0.08125 0.0328125
0.0 0.23593750000000002 0.296875 0.090625 0.0953125
0.0 0.8640625 0.296875 0.04375 0.071875
0.0 0.753125 0.2984375 0.0359375 0.0671875
0.0 0.6546875 0.3203125 0.0546875 0.0640625
0.0 0.559375 0.321875 0.025 0.04375
0.0 0.4453125 0.3359375 0.05 0.0484375
0.0 0.59375 0.340625 0.0484375 0.0375
0.0 0.2421875 0.35 0.0625 0.04375
0.0 0.2828125 0.3734375 0.059375 0.115625
0.0 0.38593750000000004 0.3875 0.08125 0.028125
0.0 0.453125 0.396875 0.0484375 0.05
0.0 0.09999999999999998 0.4203125 0.08125 0.0796875
0.0 0.8203125 0.428125 0.03125 0.0671875
0.0 0.49375 0.4359375 0.0453125 0.028125
0.0 0.6140625 0.4421875 0.0546875 0.078125
0.0 0.6515625 0.4609375 0.0453125 0.0984375
0.0 0.27656250000000004 0.48125 0.06875 0.0390625
0.0 0.11562499999999998 0.4921875 0.0421875 0.0453125
0.0 0.7609375 0.509375 0.06875 0.0484375
0.0 0.5765625 0.5234375 0.0296875 0.0296875
0.0 0.3296875 0.53125 0.1203125 0.0734375
0.0 0.34687500000000004 0.5546875 0.0328125 0.0453125
0.0 0.1875 0.58125 0.0796875 0.0375
0.0 0.5140625 0.596875 0.0734375 0.05
0.0 0.6796875 0.6453125 0.0265625 0.040625
0.0 0.7546875 0.6484375 0.0328125 0.0296875
0.0 0.48124999999999996 0.6546875 0.0328125 0.040625
0.0 0.5453125 0.6546875 0.0484375 0.0421875
0.0 0.1796875 0.65625 0.0375 0.046875
0.0 0.4390625 0.6734375 0.0609375 0.0828125
0.0 0.5875 0.6734375 0.0734375 0.0671875
0.0 0.234375 0.6875 0.0390625 0.065625
0.0 0.32343750000000004 0.7 0.03125 0.040625
0.0 0.7796875 0.7109375 0.0953125 0.0265625
0.0 0.68125 0.7265625 0.0328125 0.0765625
0.0 0.38125 0.7328125 0.040625 0.05625
0.0 0.24062499999999998 0.7359375 0.078125 0.0328125
0.0 0.83125 0.740625 0.0625 0.059375
0.0 0.7796875 0.2296875 0.034375 0.075
0.0 0.590625 0.2375 0.071875 0.0765625
