0.0 0.540625 0.353125 0.0390625 0.0234375
0.0 0.6484375 0.4 0.0703125 0.028125
0.0 0.78125 0.33125 0.034375 0.021875
0.0 0.8125 0.325 0.0359375 0.03125
0.0 0.8625 0.3828125 0.0234375 0.0234375
0.0 0.828125 0.43125 0.0171875 0.021875
0.0 0.8765625 0.415625 0.0375 0.0296875
0.0 0.8859375 0.4421875 0.028125 0.0328125
0.0 0.9375 0.3984375 0.0234375 0.028125
0.0 0.9640625 0.4078125 0.0234375 0.0421875
0.0 0.9578125 0.45625 0.0140625 0.0203125
0.0 0.928125 0.4640625 0.0203125 0.028125
0.0 0.8796875 0.5046875 0.0203125 0.0265625
0.0 0.9125 0.5046875 0.0203125 0.0421875
0.0 0.94375 0.5265625 0.0203125 0.015625
0.0 0.946875 0.5546875 0.025 0.0296875
0.0 0.8984375 0.54375 0.0171875 0.0296875
0.0 0.921875 0.578125 0.0375 0.025
0.0 0.871875 0.5609375 0.025 0.0390625
0.0 0.8296875 0.51875 0.01875 0.0203125
0.0 0.8125 0.4984375 0.0234375 0.0140625
0.0 0.7703125 0.5171875 0.015625 0.021875
0.0 0.75 0.484375 0.0375 0.040625
0.0 0.715625 0.4921875 0.0484375 0.03125
0.0 0.6828125 0.5125 0.028125 0.03125
0.0 0.6953125 0.5375 0.0359375 0.0171875
0.0 0.753125 0.5515625 0.06875 0.0203125
0.0 0.7421875 0.6046875 0.0296875 0.0265625
0.0 0.76875 0.5875 0.0359375 0.0359375
0.0 0.65625 0.5796875 0.0359375 0.040625
0.0 0.6734375 0.596875 0.0359375 0.040625
0.0 0.7265625 0.65625 0.0484375 0.06875
0.0 0.6765625 0.65 0.04375 0.0390625
0.0 0.6796875 0.6734375 0.0609375 0.0515625
0.0 0.56875 0.696875 0.0265625 0.0296875
0.0 0.51875 0.6734375 0.0453125 0.04375
0.0 0.49375 0.659375 0.040625 0.03125
0.0 0.5203125 0.6296875 0.03125 0.0390625
0.0 0.47968750000000004 0.6234375 0.01875 0.0234375
0.0 0.43437499999999996 0.621875 0.034375 0.0359375
0.0 0.459375 0.58125 0.05625 0.021875
0.0 0.40156250000000004 0.53125 0.03125 0.0515625
0.0 0.4625 0.503125 0.025 0.0515625
0.0 0.5234375 0.5375 0.0390625 0.04375
0.0 0.5015625 0.5671875 0.0546875 0.0359375
0.0 0.5953125 0.5421875 0.0390625 0.053125
