0.0 0.48125 0.1875 0.0171875 0.0265625
0.0 0.5234375 0.2390625 0.028125 0.0546875
0.0 0.5515625 0.25 0.0171875 0.0625
0.0 0.559375 0.2671875 0.0953125 0.0578125
0.0 0.4453125 0.240625 0.065625 0.0328125
0.0 0.440625 0.271875 0.034375 0.0265625
0.0 0.2890625 0.3 0.06875 0.0390625
0.0 0.29375 0.3453125 0.0328125 0.0203125
0.0 0.3453125 0.3984375 0.0171875 0.025
0.0 0.4375 0.396875 0.0203125 0.0609375
0.0 0.4109375 0.421875 0.046875 0.0640625
0.0 0.471875 0.41875 0.01875 0.03125
0.0 0.515625 0.3890625 0.01875 0.0296875
0.0 0.446875 0.4375 0.0265625 0.0578125
0.0 0.4453125 0.4734375 0.05625 0.0171875
0.0 0.403125 0.4890625 0.0171875 0.0484375
0.0 0.6390625 0.36875 0.0421875 0.0484375
0.0 0.6484375 0.365625 0.0484375 0.0640625
0.0 0.6375 0.409375 0.0375 0.04375
0.0 0.5796875 0.40625 0.065625 0.0828125
0.0 0.6796875 0.453125 0.03125 0.0578125
0.0 0.6546875 0.45 0.03125 0.05
0.0 0.5953125 0.4625 0.0484375 0.0609375
0.0 0.5640625 0.496875 0.0671875 0.05
0.0 0.6015625 0.5484375 0.059375 0.0484375
0.0 0.5671875 0.5765625 0.021875 0.071875
0.0 0.5234375 0.5421875 0.0453125 0.0171875
0.0 0.7046875 0.5875 0.0578125 0.01875
0.0 0.696875 0.6625 0.015625 0.034375
0.0 0.6453125 0.6421875 0.0953125 0.0515625
0.0 0.615625 0.7015625 0.025 0.0515625
0.0 0.5265625 0.6125 0.05 0.028125
0.0 0.471875 0.646875 0.0296875 0.0203125
0.0 0.49375 0.615625 0.021875 0.0203125
0.0 0.5140625 0.6578125 0.09375 0.040625
0.0 0.365625 0.678125 0.03125 0.0359375
0.0 0.2515625 0.6359375 0.0640625 0.0234375
0.0 0.3578125 0.5984375 0.0203125 0.01875
0.0 0.1890625 0.61875 0.046875 0.040625
0.0 0.2625 0.5671875 0.0359375 0.01875
0.0 0.328125 0.5625 0.0609375 0.028125
0.0 0.2796875 0.521875 0.0265625 0.046875
0.0 0.2328125 0.453125 0.0421875 0.0578125
