0 0.428125 0.30625 0.028125 0.034375
0 0.528125 0.325 0.0359375 0.0421875
0 0.7109375 0.34375 0.03125 0.0265625
0 0.5375 0.353125 0.0484375 0.0421875
0 0.61875 0.3546875 0.0234375 0.0453125
0 0.421875 0.365625 0.0296875 0.059375
0 0.71875 0.38125 0.0546875 0.0390625
0 0.4984375 0.38125 0.025 0.0234375
0 0.6375 0.390625 0.03125 0.0234375
0 0.346875 0.3984375 0.04375 0.065625
0 0.765625 0.4015625 0.03125 0.06875
0 0.625 0.4078125 0.0765625 0.0515625
0 0.4515625 0.4078125 0.040625 0.1328125
0 0.5640625 0.41875 0.034375 0.034375
0 0.39375 0.4328125 0.0609375 0.078125
0 0.809375 0.465625 0.040625 0.0875
0 0.371875 0.471875 0.0359375 0.0234375
0 0.4859375 0.4796875 0.0453125 0.0375
0 0.49375 0.48125 0.053125 0.0765625
0 0.7578125 0.48125 0.05 0.0703125
0 0.6828125 0.4875 0.1 0.05625
0 0.5421875 0.4890625 0.0296875 0.0421875
0 0.5796875 0.503125 0.046875 0.0671875
0 0.725 0.5203125 0.0453125 0.03125
0 0.25 0.5203125 0.1453125 0.0359375
0 0.6265625 0.540625 0.028125 0.0578125
0 0.3875 0.5421875 0.0265625 0.0421875
0 0.525 0.54375 0.0296875 0.0421875
0 0.709375 0.546875 0.065625 0.0484375
0 0.790625 0.5578125 0.0734375 0.1078125
0 0.6796875 0.5828125 0.0390625 0.0640625
0 0.5984375 0.5875 0.0375 0.03125
0 0.25 0.5921875 0.0328125 0.0921875
0 0.4359375 0.609375 0.034375 0.0703125
0 0.63125 0.609375 0.034375 0.0265625
0 0.371875 0.6140625 0.05 0.0953125
0 0.503125 0.6140625 0.0421875 0.0640625
0 0.3015625 0.61875 0.0671875 0.0578125
0 0.6375 0.675 0.021875 0.021875
0 0.728125 0.6765625 0.0640625 0.03125
0 0.2453125 0.7 0.0578125 0.0671875
0 0.6046875 0.715625 0.075 0.06875
0 0.4546875 0.728125 0.1015625 0.0734375
0 0.5796875 0.74375 0.0640625 0.0765625
0 0.38125 0.753125 0.040625 0.05
0 0.53125 0.2265625 0.0328125 0.0421875
0 0.6234375 0.23125 0.0265625 0.0359375