0 0.5890625 0.228125 0.0953125 0.059375
0 0.5046875 0.2875 0.03125 0.0390625
0 0.5328125 0.278125 0.0328125 0.065625
0 0.5578125 0.3046875 0.0609375 0.040625
0 0.60625 0.31875 0.03125 0.0203125
0 0.5671875 0.340625 0.053125 0.0171875
0 0.6421875 0.378125 0.01875 0.025
0 0.646875 0.40625 0.059375 0.01875
0 0.5765625 0.3765625 0.0296875 0.01875
0 0.64375 0.4640625 0.0296875 0.034375
0 0.5515625 0.5359375 0.0671875 0.0578125
0 0.5890625 0.5171875 0.109375 0.075
0 0.584375 0.471875 0.059375 0.084375
0 0.65 0.59375 0.0390625 0.096875
0 0.76875 0.61875 0.0796875 0.0484375
0 0.7296875 0.6703125 0.05 0.0609375
0 0.5734375 0.590625 0.053125 0.028125
0 0.54375 0.6421875 0.0296875 0.0296875
0 0.553125 0.61875 0.1015625 0.0859375
0 0.5046875 0.64375 0.0203125 0.03125
0 0.440625 0.634375 0.05625 0.01875
0 0.4453125 0.6734375 0.09375 0.025
0 0.4203125 0.71875 0.0703125 0.0328125
0 0.3546875 0.671875 0.06875 0.0421875
0 0.3546875 0.721875 0.0390625 0.0390625
0 0.39375 0.775 0.0484375 0.078125
0 0.515625 0.790625 0.0328125 0.0328125
0 0.5609375 0.7984375 0.059375 0.0359375
0 0.246875 0.6359375 0.1125 0.0921875
0 0.30625 0.596875 0.090625 0.0421875
0 0.225 0.515625 0.0421875 0.0859375
0 0.4140625 0.56875 0.0546875 0.021875
0 0.4359375 0.54375 0.046875 0.0453125
0 0.4796875 0.5359375 0.0453125 0.0625
0 0.3984375 0.521875 0.1234375 0.0796875
0 0.425 0.4453125 0.0328125 0.0703125
0 0.459375 0.3890625 0.05625 0.0265625
0 0.4640625 0.39375 0.0265625 0.071875
0 0.5 0.3734375 0.025 0.0390625
0 0.5234375 0.3734375 0.0421875 0.103125
0 0.5296875 0.453125 0.03125 0.0234375
0 0.5265625 0.48125 0.0265625 0.034375
0 0.3890625 0.346875 0.0640625 0.0515625
0 0.425 0.2953125 0.0421875 0.071875
0 0.4703125 0.2390625 0.059375 0.0703125
0 0.7015625 0.78125 0.0234375 0.0171875