0 0.3890625 0.2265625 0.0546875 0.01875
0 0.509375 0.259375 0.04375 0.0484375
0 0.6515625 0.2171875 0.0390625 0.04375
0 0.65625 0.2515625 0.0609375 0.0265625
0 0.71875 0.2921875 0.028125 0.01875
0 0.796875 0.2921875 0.0515625 0.0296875
0 0.6890625 0.309375 0.0484375 0.0328125
0 0.6328125 0.309375 0.046875 0.034375
0 0.6359375 0.340625 0.0609375 0.028125
0 0.678125 0.396875 0.0328125 0.0421875
0 0.609375 0.41875 0.05 0.0234375
0 0.64375 0.4546875 0.03125 0.059375
0 0.596875 0.509375 0.0671875 0.0640625
0 0.5796875 0.5390625 0.025 0.021875
0 0.5546875 0.5703125 0.0203125 0.0265625
0 0.53125 0.4671875 0.046875 0.0625
0 0.53125 0.53125 0.053125 0.0484375
0 0.6 0.6390625 0.021875 0.0296875
0 0.5921875 0.6703125 0.015625 0.0234375
0 0.559375 0.63125 0.021875 0.034375
0 0.4671875 0.71875 0.0796875 0.0625
0 0.409375 0.703125 0.01875 0.0421875
0 0.378125 0.703125 0.0421875 0.05625
0 0.478125 0.8078125 0.021875 0.034375
0 0.5328125 0.765625 0.0328125 0.01875
0 0.275 0.696875 0.0203125 0.0328125
0 0.2859375 0.5890625 0.021875 0.021875
0 0.3453125 0.5953125 0.0515625 0.040625
0 0.365625 0.5125 0.040625 0.0390625
0 0.4328125 0.515625 0.0578125 0.0359375
0 0.40625 0.4875 0.034375 0.0203125
0 0.38125 0.4640625 0.0421875 0.021875
0 0.3640625 0.434375 0.0265625 0.015625
0 0.4109375 0.4421875 0.0859375 0.03125
0 0.4796875 0.4015625 0.0671875 0.0375
0 0.415625 0.3796875 0.028125 0.0359375
0 0.5 0.3640625 0.0515625 0.025
0 0.3796875 0.375 0.0359375 0.0265625
0 0.46875 0.3375 0.01875 0.0203125
0 0.5046875 0.321875 0.0546875 0.0328125
0 0.509375 0.3234375 0.0375 0.046875
0 0.25 0.3140625 0.0484375 0.028125
0 0.2 0.5 0.01875 0.034375
0 0.690625 0.790625 0.0140625 0.0265625