0 0.546875 0.225 0.0765625 0.03125
0 0.4625 0.2296875 0.0328125 0.0921875
0 0.53125 0.296875 0.01875 0.0375
0 0.603125 0.271875 0.053125 0.028125
0 0.4125 0.271875 0.0578125 0.0546875
0 0.4625 0.3 0.03125 0.0265625
0 0.4734375 0.3375 0.0203125 0.01875
0 0.4109375 0.3296875 0.0390625 0.01875
0 0.5109375 0.378125 0.015625 0.0265625
0 0.53125 0.390625 0.0203125 0.0328125
0 0.54375 0.3609375 0.0390625 0.0296875
0 0.65625 0.3125 0.046875 0.040625
0 0.6515625 0.3671875 0.0484375 0.0546875
0 0.7125 0.3421875 0.0640625 0.05
0 0.778125 0.38125 0.0328125 0.1
0 0.725 0.4265625 0.0609375 0.0265625
0 0.7203125 0.453125 0.015625 0.034375
0 0.8421875 0.5390625 0.0296875 0.025
0 0.796875 0.5296875 0.05 0.0609375
0 0.79375 0.6234375 0.04375 0.0484375
0 0.703125 0.6265625 0.034375 0.05
0 0.696875 0.7375 0.01875 0.0515625
0 0.6421875 0.7234375 0.0171875 0.01875
0 0.665625 0.6953125 0.034375 0.0265625
0 0.5859375 0.63125 0.0328125 0.05
0 0.6296875 0.61875 0.040625 0.090625
0 0.703125 0.5671875 0.0703125 0.0515625
0 0.6609375 0.5109375 0.0546875 0.034375
0 0.6 0.5234375 0.046875 0.0328125
0 0.525 0.5359375 0.0390625 0.0203125
0 0.5 0.553125 0.015625 0.0203125
0 0.509375 0.5015625 0.0171875 0.0265625
0 0.5234375 0.48125 0.025 0.021875
0 0.5203125 0.4453125 0.028125 0.0234375
0 0.4609375 0.4171875 0.03125 0.0546875
0 0.4203125 0.4578125 0.034375 0.0265625
0 0.4203125 0.490625 0.01875 0.0203125
0 0.3984375 0.38125 0.0671875 0.0265625
0 0.3 0.2890625 0.05 0.05625
0 0.328125 0.40625 0.0453125 0.05
0 0.265625 0.4265625 0.0421875 0.05625
0 0.3171875 0.478125 0.0359375 0.0390625
0 0.315625 0.5671875 0.0359375 0.0203125
0 0.3390625 0.61875 0.021875 0.0515625
0 0.3890625 0.5859375 0.04375 0.04375
0 0.39375 0.5828125 0.0828125 0.0640625