0 0.3609375 0.2765625 0.0296875 0.040625
0 0.4515625 0.3046875 0.0390625 0.01875
0 0.3328125 0.3046875 0.06875 0.0578125
0 0.425 0.3109375 0.04375 0.0578125
0 0.5359375 0.3265625 0.0671875 0.0546875
0 0.446875 0.3546875 0.075 0.0234375
0 0.3390625 0.359375 0.0265625 0.015625
0 0.2859375 0.3796875 0.028125 0.059375
0 0.6046875 0.39375 0.065625 0.0375
0 0.5390625 0.3984375 0.0546875 0.09375
0 0.4 0.403125 0.05625 0.0390625
0 0.3234375 0.4171875 0.0890625 0.0765625
0 0.4859375 0.425 0.0328125 0.0359375
0 0.63125 0.4328125 0.028125 0.0203125
0 0.321875 0.453125 0.0421875 0.05
0 0.10625 0.4640625 0.0703125 0.0453125
0 0.46875 0.4890625 0.1046875 0.0203125
0 0.3765625 0.496875 0.0765625 0.0546875
0 0.2890625 0.5203125 0.0609375 0.059375
0 0.340625 0.5265625 0.034375 0.0375
0 0.5234375 0.53125 0.0328125 0.021875
0 0.4328125 0.55 0.0234375 0.0203125
0 0.1265625 0.553125 0.059375 0.040625
0 0.6046875 0.5578125 0.025 0.0390625
0 0.31875 0.5625 0.021875 0.01875
0 0.471875 0.5671875 0.0171875 0.0203125
0 0.528125 0.578125 0.053125 0.0359375
0 0.4296875 0.59375 0.053125 0.0234375
0 0.33125 0.6046875 0.053125 0.0265625
0 0.26875 0.609375 0.0296875 0.021875
0 0.5609375 0.61875 0.040625 0.0203125
0 0.6375 0.61875 0.0296875 0.0265625
0 0.3078125 0.6359375 0.0234375 0.0265625
0 0.2578125 0.65 0.0328125 0.0546875
0 0.565625 0.6515625 0.021875 0.028125
0 0.4234375 0.6515625 0.0234375 0.0328125
0 0.371875 0.653125 0.0484375 0.0234375
0 0.4609375 0.6640625 0.0328125 0.0546875
0 0.2234375 0.671875 0.040625 0.0765625
0 0.5734375 0.68125 0.0453125 0.0421875
0 0.2921875 0.70625 0.0421875 0.0265625
0 0.4 0.7078125 0.0234375 0.028125
0 0.325 0.7328125 0.01875 0.034375
0 0.34375 0.7671875 0.1078125 0.0234375
0 0.4203125 0.225 0.071875 0.0296875
0 0.3375 0.2296875 0.0640625 0.03125