0 0.6078125 0.29375 0.0265625 0.028125
0 0.640625 0.3125 0.0609375 0.0265625
0 0.671875 0.3578125 0.0265625 0.034375
0 0.5953125 0.3375 0.0171875 0.0203125
0 0.5609375 0.334375 0.0234375 0.04375
0 0.6015625 0.384375 0.028125 0.028125
0 0.6109375 0.3625 0.0546875 0.0234375
0 0.6828125 0.3921875 0.0453125 0.0296875
0 0.65625 0.4359375 0.034375 0.040625
0 0.6953125 0.4765625 0.040625 0.0296875
0 0.7390625 0.5140625 0.0203125 0.053125
0 0.7015625 0.571875 0.0421875 0.03125
0 0.6984375 0.6203125 0.0375 0.0375
0 0.6671875 0.6921875 0.028125 0.04375
0 0.603125 0.6625 0.028125 0.04375
0 0.5515625 0.7 0.0203125 0.01875
0 0.5953125 0.6203125 0.05625 0.03125
0 0.5984375 0.575 0.0515625 0.0265625
0 0.609375 0.5515625 0.059375 0.025
0 0.5796875 0.528125 0.021875 0.0265625
0 0.6453125 0.528125 0.0484375 0.046875
0 0.60625 0.4890625 0.025 0.0203125
0 0.628125 0.4828125 0.0390625 0.0375
0 0.63125 0.465625 0.0625 0.0578125
0 0.571875 0.4234375 0.0203125 0.0484375
0 0.56875 0.46875 0.0328125 0.078125
0 0.534375 0.4609375 0.0265625 0.04375
0 0.5390625 0.521875 0.021875 0.0203125
0 0.50625 0.540625 0.0171875 0.0203125
0 0.484375 0.4890625 0.046875 0.0359375
0 0.4890625 0.5171875 0.0765625 0.0296875
0 0.4953125 0.5890625 0.0359375 0.0203125
0 0.5078125 0.6359375 0.0328125 0.025
0 0.4796875 0.646875 0.0359375 0.025
0 0.453125 0.5609375 0.01875 0.028125
0 0.4140625 0.5125 0.034375 0.0234375
0 0.3796875 0.5640625 0.025 0.03125
0 0.3765625 0.51875 0.0171875 0.01875
0 0.3234375 0.534375 0.0125 0.0265625
0 0.3078125 0.459375 0.025 0.046875
0 0.39375 0.425 0.0296875 0.0359375
0 0.425 0.4296875 0.015625 0.03125
0 0.4453125 0.425 0.0203125 0.0359375
0 0.440625 0.4578125 0.0140625 0.021875
0 0.4796875 0.4234375 0.05 0.0578125
0 0.50625 0.4078125 0.0375 0.0859375