0 0.43125 0.3140625 0.034375 0.0703125
0 0.5484375 0.2890625 0.0375 0.0640625
0 0.5046875 0.34375 0.0328125 0.0328125
0 0.5640625 0.3609375 0.01875 0.0203125
0 0.584375 0.39375 0.0328125 0.0265625
0 0.6 0.41875 0.01875 0.0203125
0 0.6234375 0.4046875 0.0234375 0.053125
0 0.6765625 0.3984375 0.046875 0.0625
0 0.646875 0.403125 0.0234375 0.0484375
0 0.69375 0.4515625 0.04375 0.0328125
0 0.6640625 0.5078125 0.065625 0.0328125
0 0.6484375 0.5234375 0.0875 0.034375
0 0.5859375 0.4890625 0.0171875 0.0453125
0 0.6046875 0.5734375 0.025 0.015625
0 0.571875 0.628125 0.0328125 0.040625
0 0.559375 0.5828125 0.05625 0.040625
0 0.5453125 0.575 0.0484375 0.034375
0 0.5296875 0.521875 0.03125 0.0171875
0 0.5578125 0.4828125 0.0171875 0.040625
0 0.5296875 0.5359375 0.0171875 0.059375
0 0.5296875 0.4875 0.015625 0.0328125
0 0.5078125 0.48125 0.01875 0.03125
0 0.4890625 0.5078125 0.034375 0.0390625
0 0.4796875 0.5390625 0.040625 0.03125
0 0.4453125 0.6234375 0.0265625 0.025
0 0.471875 0.6234375 0.0390625 0.0609375
0 0.465625 0.5875 0.03125 0.0140625
0 0.45 0.58125 0.053125 0.028125
0 0.415625 0.5671875 0.015625 0.034375
0 0.440625 0.5515625 0.03125 0.0296875
0 0.4421875 0.5015625 0.0296875 0.025
0 0.3796875 0.6203125 0.0453125 0.04375
0 0.3140625 0.5890625 0.0359375 0.0515625
0 0.2625 0.59375 0.028125 0.053125
0 0.2109375 0.553125 0.01875 0.065625
0 0.3046875 0.528125 0.075 0.0265625
0 0.390625 0.5015625 0.065625 0.0734375
0 0.3125 0.5046875 0.03125 0.021875
0 0.321875 0.4765625 0.0359375 0.028125
0 0.353125 0.496875 0.01875 0.0234375
0 0.4375 0.43125 0.021875 0.0390625
0 0.3921875 0.4078125 0.0265625 0.0671875
0 0.3640625 0.38125 0.01875 0.0515625
0 0.3234375 0.39375 0.040625 0.071875
0 0.4578125 0.3796875 0.0234375 0.0203125
0 0.5234375 0.4 0.0421875 0.021875
0 0.503125 0.440625 0.0421875 0.0390625