0 0.459375 0.221875 0.0765625 0.059375
0 0.5375 0.215625 0.0265625 0.028125
0 0.5453125 0.2296875 0.0546875 0.034375
0 0.534375 0.2609375 0.0515625 0.01875
0 0.4859375 0.2421875 0.05 0.0546875
0 0.53125 0.29375 0.0171875 0.0328125
0 0.509375 0.3078125 0.0234375 0.0390625
0 0.571875 0.309375 0.0296875 0.03125
0 0.5984375 0.325 0.0203125 0.0625
0 0.5890625 0.3921875 0.0171875 0.0296875
0 0.5859375 0.3734375 0.0359375 0.0296875
0 0.6203125 0.4234375 0.0421875 0.05
0 0.571875 0.4140625 0.0171875 0.025
0 0.5421875 0.403125 0.01875 0.0265625
0 0.5890625 0.4671875 0.0578125 0.03125
0 0.6546875 0.4484375 0.0515625 0.0546875
0 0.7 0.4953125 0.01875 0.046875
0 0.61875 0.525 0.053125 0.0703125
0 0.56875 0.4953125 0.028125 0.021875
0 0.5453125 0.509375 0.053125 0.09375
0 0.6140625 0.61875 0.0328125 0.03125
0 0.5359375 0.615625 0.06875 0.0203125
0 0.559375 0.5890625 0.065625 0.08125
0 0.525 0.64375 0.06875 0.046875
0 0.4671875 0.590625 0.0515625 0.04375
0 0.503125 0.5640625 0.0359375 0.021875
0 0.475 0.5359375 0.0234375 0.0625
0 0.5 0.5078125 0.0390625 0.08125
0 0.41875 0.534375 0.0765625 0.021875
0 0.4171875 0.5265625 0.0203125 0.0796875
0 0.371875 0.5484375 0.05 0.025
0 0.35625 0.5015625 0.01875 0.0296875
0 0.35 0.46875 0.04375 0.0265625
0 0.3125 0.459375 0.065625 0.0515625
0 0.440625 0.3734375 0.075 0.0234375
0 0.4046875 0.3734375 0.059375 0.040625
0 0.4046875 0.34375 0.040625 0.0421875
0 0.4703125 0.3484375 0.01875 0.0171875
0 0.44375 0.3296875 0.0421875 0.046875
0 0.453125 0.303125 0.0265625 0.0671875
0 0.2375 0.540625 0.0546875 0.025
0 0.2359375 0.55625 0.115625 0.034375
0 0.2671875 0.6125 0.05 0.0234375
0 0.2609375 0.6328125 0.03125 0.0625
0 0.3796875 0.7015625 0.0359375 0.0703125
0 0.365625 0.6875 0.1109375 0.0390625