0 0.665625 0.3234375 0.0515625 0.0203125
0 0.6078125 0.2921875 0.028125 0.0171875
0 0.5953125 0.328125 0.0359375 0.021875
0 0.6078125 0.378125 0.046875 0.03125
0 0.6328125 0.409375 0.0328125 0.0328125
0 0.609375 0.428125 0.0140625 0.01875
0 0.5984375 0.453125 0.0203125 0.03125
0 0.553125 0.4265625 0.0234375 0.0296875
0 0.4640625 0.33125 0.06875 0.028125
0 0.471875 0.378125 0.0265625 0.015625
0 0.4828125 0.4 0.025 0.0203125
0 0.515625 0.4203125 0.04375 0.025
0 0.528125 0.4890625 0.0203125 0.0265625
0 0.496875 0.465625 0.0421875 0.040625
0 0.4125 0.3921875 0.0328125 0.0328125
0 0.4484375 0.465625 0.04375 0.0390625
0 0.471875 0.51875 0.01875 0.015625
0 0.5625 0.534375 0.0328125 0.0328125
0 0.525 0.5984375 0.046875 0.028125
0 0.4984375 0.565625 0.0375 0.0359375
0 0.4625 0.5421875 0.0234375 0.0140625
0 0.4328125 0.515625 0.0234375 0.0296875
0 0.4046875 0.5484375 0.0203125 0.034375
0 0.39375 0.4875 0.0234375 0.0203125
0 0.3296875 0.4375 0.040625 0.021875
0 0.2984375 0.3765625 0.015625 0.0203125
0 0.1875 0.3734375 0.0328125 0.0296875
0 0.240625 0.4296875 0.0453125 0.0296875
0 0.296875 0.48125 0.021875 0.05625
0 0.3609375 0.515625 0.01875 0.0375
0 0.35 0.5515625 0.01875 0.015625
0 0.3546875 0.578125 0.015625 0.0140625
0 0.415625 0.6140625 0.0265625 0.0375
0 0.4609375 0.675 0.0203125 0.0671875
0 0.4984375 0.6625 0.028125 0.01875
0 0.3515625 0.628125 0.0234375 0.0203125
0 0.34375 0.6046875 0.0515625 0.0390625
0 0.2890625 0.6484375 0.03125 0.01875
0 0.18125 0.6171875 0.053125 0.05625
0 0.2359375 0.5546875 0.015625 0.015625
0 0.2484375 0.5296875 0.025 0.021875
0 0.1875 0.484375 0.046875 0.034375