0 0.3453125 0.303125 0.0609375 0.0375
0 0.2703125 0.371875 0.0453125 0.03125
0 0.3484375 0.3671875 0.0640625 0.0609375
0 0.2625 0.40625 0.025 0.0203125
0 0.3734375 0.440625 0.0171875 0.0265625
0 0.340625 0.440625 0.0421875 0.0625
0 0.3875 0.478125 0.0296875 0.0390625
0 0.3515625 0.515625 0.021875 0.05
0 0.2875 0.5078125 0.0234375 0.01875
0 0.2328125 0.4546875 0.021875 0.0265625
0 0.2328125 0.5859375 0.0453125 0.0390625
0 0.2890625 0.63125 0.0625 0.0234375
0 0.3109375 0.6734375 0.025 0.0203125
0 0.3859375 0.646875 0.0328125 0.05
0 0.4109375 0.621875 0.0296875 0.0609375
0 0.4375 0.5609375 0.0203125 0.0328125
0 0.50625 0.334375 0.0390625 0.0234375
0 0.4546875 0.3890625 0.03125 0.0296875
0 0.54375 0.38125 0.0734375 0.0296875
0 0.61875 0.390625 0.028125 0.03125
0 0.5640625 0.4203125 0.0390625 0.04375
0 0.503125 0.415625 0.0234375 0.0453125
0 0.53125 0.440625 0.0296875 0.0234375
0 0.4703125 0.428125 0.021875 0.040625
0 0.496875 0.49375 0.0671875 0.05625
0 0.5109375 0.5421875 0.034375 0.0359375
0 0.5453125 0.5265625 0.0265625 0.01875
0 0.5984375 0.5546875 0.025 0.028125
0 0.5234375 0.675 0.0484375 0.0296875
0 0.478125 0.721875 0.05625 0.03125
0 0.59375 0.6671875 0.0515625 0.0421875
0 0.6125 0.621875 0.0515625 0.028125
0 0.659375 0.5140625 0.03125 0.0484375
0 0.6671875 0.475 0.03125 0.0296875
0 0.7015625 0.521875 0.034375 0.0484375
0 0.7 0.565625 0.084375 0.0609375
0 0.703125 0.653125 0.028125 0.05
0 0.6703125 0.6765625 0.0515625 0.05
0 0.73125 0.621875 0.06875 0.0515625
0 0.728125 0.66875 0.0375 0.0390625
0 0.5515625 0.7875 0.05625 0.046875
0 0.665625 0.3921875 0.028125 0.03125
0 0.675 0.3609375 0.0484375 0.025
0 0.184375 0.4734375 0.015625 0.0234375
0 0.184375 0.4421875 0.0703125 0.03125