0 0.58125 0.2578125 0.0265625 0.0203125
0 0.55 0.284375 0.053125 0.028125
0 0.7546875 0.2984375 0.09375 0.0421875
0 0.678125 0.3 0.0453125 0.0359375
0 0.6234375 0.3125 0.028125 0.025
0 0.4953125 0.3140625 0.0328125 0.0328125
0 0.759375 0.31875 0.0265625 0.0296875
0 0.5828125 0.325 0.0234375 0.040625
0 0.7875 0.3265625 0.01875 0.0625
0 0.19375 0.3296875 0.0484375 0.0359375
0 0.3265625 0.3328125 0.0171875 0.0703125
0 0.73125 0.334375 0.021875 0.0390625
0 0.4921875 0.340625 0.084375 0.05625
0 0.753125 0.346875 0.0328125 0.0234375
0 0.671875 0.3546875 0.0671875 0.0171875
0 0.7328125 0.3796875 0.0328125 0.0359375
0 0.61875 0.3984375 0.0421875 0.090625
0 0.596875 0.4046875 0.0671875 0.034375
0 0.765625 0.446875 0.028125 0.0546875
0 0.43125 0.4640625 0.021875 0.0484375
0 0.59375 0.46875 0.0515625 0.034375
0 0.75625 0.4859375 0.0546875 0.0203125
0 0.40625 0.503125 0.03125 0.021875
0 0.5796875 0.5046875 0.0296875 0.0234375
0 0.740625 0.5265625 0.0203125 0.04375
0 0.56875 0.5359375 0.046875 0.034375
0 0.60625 0.5375 0.059375 0.03125
0 0.6609375 0.5421875 0.0421875 0.01875
0 0.6171875 0.54375 0.053125 0.040625
0 0.4046875 0.5625 0.0296875 0.0515625
0 0.63125 0.565625 0.025 0.0234375
0 0.5453125 0.5875 0.0171875 0.0234375
0 0.5078125 0.596875 0.0203125 0.0578125
0 0.68125 0.6140625 0.0203125 0.0234375
0 0.584375 0.6234375 0.0171875 0.0265625
0 0.628125 0.6265625 0.0515625 0.0515625
0 0.3796875 0.628125 0.08125 0.0671875
0 0.55 0.6359375 0.0609375 0.0484375
0 0.628125 0.6375 0.05 0.0265625
0 0.5359375 0.6796875 0.0265625 0.034375
0 0.4625 0.725 0.0359375 0.075
0 0.4890625 0.734375 0.01875 0.0234375
0 0.3890625 0.2375 0.025 0.034375
0 0.3421875 0.240625 0.034375 0.06875
0 0.425 0.2421875 0.01875 0.01875
0 0.521875 0.2421875 0.05 0.0203125