0 0.3546875 0.28125 0.0390625 0.0390625
0 0.4453125 0.2828125 0.034375 0.03125
0 0.1421875 0.2921875 0.034375 0.0328125
0 0.20625 0.2953125 0.05625 0.0390625
0 0.4046875 0.3140625 0.05 0.071875
0 0.534375 0.3140625 0.028125 0.0421875
0 0.2421875 0.3203125 0.0359375 0.025
0 0.7984375 0.33125 0.0375 0.059375
0 0.7453125 0.334375 0.0421875 0.078125
0 0.1890625 0.3484375 0.0734375 0.0578125
0 0.3890625 0.3578125 0.0328125 0.0390625
0 0.6140625 0.3703125 0.0765625 0.05625
0 0.478125 0.371875 0.078125 0.078125
0 0.4203125 0.3953125 0.0375 0.0671875
0 0.7953125 0.3984375 0.0875 0.0546875
0 0.1203125 0.4171875 0.034375 0.034375
0 0.2125 0.41875 0.0328125 0.0640625
0 0.396875 0.4359375 0.096875 0.0375
0 0.8515625 0.4359375 0.078125 0.0515625
0 0.48125 0.4515625 0.0609375 0.04375
0 0.56875 0.453125 0.078125 0.0515625
0 0.659375 0.45625 0.065625 0.0359375
0 0.10625 0.4609375 0.03125 0.0609375
0 0.49375 0.50625 0.1171875 0.046875
0 0.6375 0.5203125 0.0296875 0.0484375
0 0.853125 0.55 0.0609375 0.0875
0 0.3921875 0.55 0.0703125 0.090625
0 0.2640625 0.5546875 0.05625 0.0375
0 0.0984375 0.56875 0.115625 0.109375
0 0.56875 0.5765625 0.0625 0.0984375
0 0.671875 0.578125 0.0546875 0.03125
0 0.0875 0.5859375 0.040625 0.1203125
0 0.6890625 0.6046875 0.14375 0.0828125
0 0.43125 0.6421875 0.0484375 0.0359375
0 0.55 0.653125 0.1125 0.040625
0 0.8359375 0.6609375 0.0625 0.0546875
0 0.296875 0.6703125 0.06875 0.084375
0 0.6671875 0.7 0.0796875 0.0953125
0 0.1625 0.7109375 0.065625 0.0671875
0 0.828125 0.7125 0.1109375 0.0625
0 0.390625 0.725 0.0421875 0.10625
0 0.296875 0.728125 0.028125 0.03125
0 0.7375 0.7359375 0.06875 0.0359375
0 0.703125 0.778125 0.071875 0.05625
0 0.796875 0.825 0.0515625 0.0296875
0 0.4875 0.2515625 0.0796875 0.0515625