0 0.6 0.296875 0.078125 0.0625
0 0.51875 0.30625 0.0640625 0.025
0 0.409375 0.30625 0.0421875 0.0515625
0 0.6 0.3078125 0.0171875 0.06875
0 0.434375 0.309375 0.0203125 0.025
0 0.4515625 0.3109375 0.021875 0.0671875
0 0.378125 0.3109375 0.0328125 0.0578125
0 0.5375 0.3390625 0.05625 0.0546875
0 0.503125 0.35625 0.040625 0.0265625
0 0.425 0.3671875 0.03125 0.0546875
0 0.3375 0.39375 0.028125 0.0484375
0 0.59375 0.396875 0.0265625 0.03125
0 0.4984375 0.396875 0.0359375 0.021875
0 0.5484375 0.40625 0.0578125 0.0859375
0 0.3859375 0.4203125 0.01875 0.0453125
0 0.503125 0.4265625 0.0453125 0.0546875
0 0.5703125 0.4328125 0.0171875 0.0234375
0 0.2984375 0.4359375 0.034375 0.0703125
0 0.3328125 0.44375 0.0234375 0.0453125
0 0.4 0.459375 0.04375 0.028125
0 0.4265625 0.4609375 0.0296875 0.034375
0 0.646875 0.465625 0.0171875 0.05625
0 0.53125 0.4875 0.0390625 0.0328125
0 0.478125 0.5046875 0.028125 0.0359375
0 0.3296875 0.50625 0.025 0.0421875
0 0.3625 0.5078125 0.0390625 0.046875
0 0.390625 0.5125 0.03125 0.0234375
0 0.4796875 0.5421875 0.0328125 0.0328125
0 0.5671875 0.54375 0.0640625 0.0765625
0 0.4171875 0.54375 0.0390625 0.0171875
0 0.6109375 0.5484375 0.021875 0.0515625
0 0.3609375 0.5515625 0.025 0.0203125
0 0.4625 0.5546875 0.0296875 0.0234375
0 0.5625 0.56875 0.0390625 0.1
0 0.584375 0.575 0.0203125 0.0484375
0 0.434375 0.575 0.0171875 0.0265625
0 0.3140625 0.5765625 0.046875 0.0359375
0 0.3921875 0.596875 0.01875 0.034375
0 0.415625 0.6109375 0.0171875 0.04375
0 0.3828125 0.6203125 0.040625 0.05
0 0.503125 0.621875 0.01875 0.040625
0 0.5015625 0.6484375 0.0453125 0.021875
0 0.5328125 0.653125 0.0234375 0.025
0 0.55625 0.2484375 0.04375 0.040625