0 0.5890625 0.2921875 0.0328125 0.0484375
0 0.396875 0.44375 0.0234375 0.0203125
0 0.446875 0.5484375 0.0234375 0.075
0 0.41875 0.5796875 0.0234375 0.0296875
0 0.4921875 0.5828125 0.0578125 0.021875
0 0.5265625 0.603125 0.071875 0.0203125
0 0.4765625 0.640625 0.0921875 0.05
0 0.628125 0.709375 0.028125 0.05
0 0.7671875 0.75625 0.0203125 0.071875
0 0.6296875 0.790625 0.0203125 0.0484375
0 0.5984375 0.7640625 0.025 0.034375
0 0.5453125 0.7234375 0.053125 0.0203125
0 0.559375 0.8140625 0.03125 0.025
0 0.471875 0.76875 0.096875 0.040625
0 0.4375 0.7390625 0.0671875 0.046875
0 0.4640625 0.75 0.0453125 0.034375
0 0.440625 0.728125 0.059375 0.090625
0 0.371875 0.7203125 0.0171875 0.0484375
0 0.396875 0.8078125 0.0484375 0.021875
0 0.3375 0.7703125 0.0390625 0.0140625
0 0.3359375 0.7765625 0.0125 0.040625
0 0.2921875 0.809375 0.0140625 0.0203125
0 0.253125 0.81875 0.0171875 0.0140625
0 0.25625 0.7765625 0.0484375 0.0703125
0 0.2921875 0.7171875 0.0390625 0.0265625
0 0.2984375 0.6359375 0.0265625 0.0296875
0 0.3453125 0.665625 0.03125 0.0203125
0 0.325 0.653125 0.0375 0.0265625
0 0.3640625 0.5859375 0.0171875 0.0390625
0 0.3359375 0.55 0.040625 0.0515625
0 0.20625 0.58125 0.028125 0.0265625