0 0.4625 0.2953125 0.0609375 0.0328125
0 0.45 0.3234375 0.084375 0.01875
0 0.4609375 0.3578125 0.1046875 0.0375
0 0.521875 0.4171875 0.04375 0.04375
0 0.584375 0.4375 0.071875 0.046875
0 0.49375 0.4546875 0.0515625 0.04375
0 0.5828125 0.5 0.0265625 0.040625
0 0.6125 0.5171875 0.0171875 0.0296875
0 0.5875 0.54375 0.059375 0.0234375
0 0.45625 0.5015625 0.0234375 0.01875
0 0.4515625 0.48125 0.0328125 0.028125
0 0.4359375 0.4375 0.0203125 0.0203125
0 0.440625 0.5515625 0.0484375 0.0375
0 0.4984375 0.584375 0.028125 0.0171875
0 0.4875 0.5828125 0.0484375 0.0546875
0 0.4890625 0.6140625 0.0625 0.0453125
0 0.5109375 0.6484375 0.0265625 0.0234375
0 0.5640625 0.659375 0.0421875 0.0671875
0 0.590625 0.64375 0.0453125 0.0484375
0 0.64375 0.6421875 0.01875 0.03125
0 0.4984375 0.6890625 0.0203125 0.0234375
0 0.5171875 0.7296875 0.0578125 0.059375
0 0.471875 0.7640625 0.05 0.021875
0 0.4390625 0.7203125 0.0359375 0.0171875
0 0.4578125 0.6828125 0.0203125 0.01875
0 0.415625 0.6609375 0.028125 0.025
0 0.4 0.7328125 0.0265625 0.03125
0 0.3625 0.675 0.059375 0.0796875
0 0.3921875 0.6265625 0.0125 0.0234375
0 0.3609375 0.6234375 0.0296875 0.0265625
0 0.3375 0.615625 0.0203125 0.03125
0 0.3015625 0.6296875 0.0546875 0.040625
0 0.275 0.6765625 0.0203125 0.0375
0 0.33125 0.7203125 0.0171875 0.0328125
0 0.2453125 0.6625 0.0296875 0.0375
0 0.3890625 0.5203125 0.025 0.03125
0 0.359375 0.528125 0.0265625 0.0484375
0 0.2921875 0.553125 0.0265625 0.028125
0 0.246875 0.490625 0.0390625 0.090625
0 0.29375 0.478125 0.0171875 0.05625
0 0.3515625 0.459375 0.040625 0.025
0 0.3484375 0.4140625 0.059375 0.0296875
0 0.3171875 0.375 0.0390625 0.0390625
0 0.3609375 0.346875 0.01875 0.0203125
0 0.3265625 0.3421875 0.046875 0.0328125
0 0.28125 0.3296875 0.03125 0.0328125