0 0.475 0.25625 0.059375 0.0359375
0 0.5234375 0.278125 0.025 0.0390625
0 0.475 0.3125 0.0203125 0.034375
0 0.56875 0.3484375 0.046875 0.0265625
0 0.6078125 0.378125 0.0546875 0.04375
0 0.603125 0.3828125 0.0609375 0.0671875
0 0.565625 0.3875 0.01875 0.015625
0 0.4859375 0.3828125 0.0296875 0.0171875
0 0.48125 0.403125 0.03125 0.021875
0 0.425 0.396875 0.0453125 0.053125
0 0.4984375 0.4328125 0.0140625 0.021875
0 0.521875 0.4265625 0.01875 0.0234375
0 0.5359375 0.4421875 0.05 0.0265625
0 0.653125 0.446875 0.0484375 0.01875
0 0.6484375 0.48125 0.05625 0.0375
0 0.6609375 0.5359375 0.025 0.0453125
0 0.61875 0.5375 0.0515625 0.05
0 0.603125 0.490625 0.0265625 0.08125
0 0.596875 0.5796875 0.0796875 0.0484375
0 0.575 0.5359375 0.021875 0.08125
0 0.54375 0.5484375 0.034375 0.0328125
0 0.5703125 0.4609375 0.05625 0.0578125
0 0.5125 0.4796875 0.025 0.0421875
0 0.5265625 0.5265625 0.0515625 0.0359375
0 0.5328125 0.4953125 0.021875 0.0203125
0 0.503125 0.5125 0.04375 0.01875
0 0.5203125 0.603125 0.025 0.021875
0 0.528125 0.6421875 0.0359375 0.04375
0 0.5140625 0.6265625 0.021875 0.0203125
0 0.46875 0.659375 0.0296875 0.0265625
0 0.3875 0.6 0.059375 0.0515625
0 0.45 0.6171875 0.0578125 0.0453125
0 0.4796875 0.56875 0.046875 0.046875
0 0.4453125 0.5109375 0.05 0.025
0 0.440625 0.5390625 0.046875 0.028125
0 0.3375 0.546875 0.046875 0.021875
0 0.325 0.4921875 0.0296875 0.0515625
0 0.3796875 0.471875 0.021875 0.0296875
0 0.4109375 0.4640625 0.034375 0.0265625
0 0.440625 0.459375 0.0234375 0.025
0 0.44375 0.4328125 0.021875 0.0171875
0 0.4015625 0.4359375 0.05 0.01875
0 0.3984375 0.35625 0.0265625 0.015625
0 0.3203125 0.36875 0.0265625 0.0484375
0 0.375 0.3125 0.06875 0.0703125