0 0.6265625 0.259375 0.0484375 0.034375
0 0.6796875 0.3296875 0.0140625 0.021875
0 0.7609375 0.3390625 0.0296875 0.0171875
0 0.7609375 0.36875 0.0515625 0.034375
0 0.9125 0.421875 0.0171875 0.0421875
0 0.715625 0.484375 0.059375 0.0265625
0 0.7765625 0.55625 0.0328125 0.046875
0 0.734375 0.5171875 0.0609375 0.0453125
0 0.74375 0.55 0.04375 0.08125
0 0.6421875 0.5265625 0.0203125 0.0171875
0 0.6140625 0.5640625 0.0171875 0.06875
0 0.7015625 0.6953125 0.021875 0.046875
0 0.590625 0.7 0.028125 0.0640625
0 0.559375 0.65625 0.05625 0.034375
0 0.5828125 0.5515625 0.0296875 0.0328125
0 0.55625 0.528125 0.053125 0.01875
0 0.55 0.54375 0.01875 0.059375
0 0.4890625 0.6515625 0.059375 0.046875
0 0.5296875 0.7671875 0.040625 0.040625
0 0.4875 0.78125 0.0390625 0.0375
0 0.4515625 0.7953125 0.025 0.01875
0 0.365625 0.7765625 0.0203125 0.028125
0 0.3359375 0.8078125 0.025 0.0390625
0 0.39375 0.696875 0.015625 0.015625
0 0.4140625 0.678125 0.0296875 0.04375
0 0.3390625 0.70625 0.071875 0.0671875
0 0.2421875 0.7171875 0.0375 0.04375
0 0.2390625 0.6796875 0.01875 0.0171875
0 0.25 0.6140625 0.0609375 0.040625
0 0.1953125 0.578125 0.034375 0.0171875
0 0.1703125 0.5921875 0.0609375 0.078125
0 0.2484375 0.578125 0.01875 0.0109375
0 0.365625 0.5484375 0.0453125 0.0171875
0 0.2671875 0.525 0.0265625 0.025
0 0.2640625 0.503125 0.0421875 0.0296875
0 0.33125 0.50625 0.028125 0.021875
0 0.3375 0.484375 0.015625 0.015625
0 0.40625 0.5078125 0.0328125 0.028125
0 0.425 0.4703125 0.0171875 0.028125
0 0.48125 0.484375 0.0515625 0.0296875
0 0.4640625 0.515625 0.0234375 0.0359375
0 0.4296875 0.584375 0.0171875 0.0234375
0 0.5171875 0.3921875 0.015625 0.01875
0 0.2953125 0.3640625 0.0140625 0.028125
0 0.309375 0.3890625 0.078125 0.025