0 0.4765625 0.3125 0.0296875 0.0203125
0 0.5734375 0.3296875 0.0203125 0.03125
0 0.5328125 0.3515625 0.0421875 0.0875
0 0.4828125 0.34375 0.0578125 0.025
0 0.615625 0.353125 0.0625 0.0265625
0 0.5921875 0.3828125 0.0828125 0.0265625
0 0.5859375 0.4125 0.0203125 0.0328125
0 0.63125 0.4453125 0.0265625 0.0265625
0 0.60625 0.434375 0.01875 0.0234375
0 0.63125 0.4125 0.0265625 0.0234375
0 0.6859375 0.459375 0.015625 0.0203125
0 0.6625 0.4390625 0.0265625 0.05
0 0.6625 0.5046875 0.0328125 0.04375
0 0.6328125 0.5015625 0.021875 0.015625
0 0.6078125 0.540625 0.0359375 0.021875
0 0.5765625 0.5328125 0.015625 0.0171875
0 0.54375 0.4546875 0.0234375 0.021875
0 0.5578125 0.434375 0.0453125 0.0390625
0 0.59375 0.49375 0.0875 0.0484375
0 0.5421875 0.484375 0.0546875 0.03125
0 0.5078125 0.4640625 0.0296875 0.028125
0 0.5078125 0.425 0.040625 0.0421875
0 0.4265625 0.365625 0.05 0.03125
0 0.465625 0.390625 0.04375 0.0390625
0 0.4515625 0.434375 0.0515625 0.0359375
0 0.3921875 0.4125 0.03125 0.0625
0 0.41875 0.471875 0.0375 0.0328125
0 0.465625 0.46875 0.021875 0.03125
0 0.478125 0.51875 0.0171875 0.025
0 0.5171875 0.5203125 0.0296875 0.021875
0 0.5484375 0.571875 0.0203125 0.0671875
0 0.5234375 0.58125 0.0203125 0.025
0 0.5 0.5578125 0.0359375 0.0296875
0 0.6328125 0.6265625 0.0265625 0.0671875
0 0.596875 0.6265625 0.0234375 0.0625
0 0.5703125 0.6015625 0.0234375 0.05
0 0.5609375 0.6796875 0.034375 0.0640625
0 0.5203125 0.6421875 0.015625 0.0234375
0 0.5078125 0.696875 0.05 0.03125
0 0.4921875 0.625 0.0234375 0.0625
0 0.4609375 0.646875 0.0234375 0.0390625
0 0.4453125 0.596875 0.0609375 0.0546875
0 0.4421875 0.521875 0.0203125 0.0203125
0 0.4125 0.5421875 0.05625 0.0765625
0 0.3796875 0.5515625 0.0390625 0.021875
0 0.3828125 0.5984375 0.03125 0.0359375
0 0.346875 0.571875 0.0140625 0.0203125