0 0.6234375 0.23125 0.025 0.034375
0 0.53125 0.2265625 0.0328125 0.0421875
0 0.4265625 0.3046875 0.0265625 0.0328125
0 0.528125 0.3234375 0.0328125 0.040625
0 0.5359375 0.353125 0.0453125 0.0453125
0 0.628125 0.365625 0.0484375 0.071875
0 0.625 0.4109375 0.075 0.05
0 0.7109375 0.34375 0.0296875 0.0265625
0 0.5625 0.4171875 0.0328125 0.034375
0 0.7203125 0.38125 0.0484375 0.0375
0 0.7640625 0.4015625 0.028125 0.06875
0 0.80625 0.465625 0.040625 0.0875
0 0.7890625 0.5578125 0.075 0.109375
0 0.7578125 0.48125 0.0484375 0.0703125
0 0.7234375 0.5203125 0.0421875 0.028125
0 0.709375 0.5484375 0.0671875 0.05
0 0.6796875 0.5796875 0.04375 0.0640625
0 0.6828125 0.4890625 0.0953125 0.0578125
0 0.625 0.5390625 0.025 0.0515625
0 0.6140625 0.596875 0.0609375 0.0546875
0 0.7296875 0.675 0.071875 0.025
0 0.6390625 0.675 0.021875 0.021875
0 0.578125 0.7421875 0.0640625 0.075
0 0.603125 0.715625 0.075 0.071875
0 0.453125 0.728125 0.103125 0.0765625
0 0.38125 0.753125 0.0390625 0.0453125
0 0.2453125 0.6984375 0.059375 0.0640625
0 0.25 0.590625 0.0296875 0.0921875
0 0.3015625 0.61875 0.065625 0.0578125
0 0.371875 0.6125 0.0515625 0.1
0 0.3875 0.5421875 0.021875 0.0390625
0 0.2484375 0.521875 0.1421875 0.0328125
0 0.434375 0.6078125 0.0328125 0.0703125
0 0.503125 0.615625 0.040625 0.065625
0 0.5234375 0.54375 0.0296875 0.0421875
0 0.578125 0.5046875 0.046875 0.0703125
0 0.5421875 0.4875 0.0296875 0.0453125
0 0.4859375 0.484375 0.0484375 0.0328125
0 0.49375 0.4828125 0.0484375 0.075
0 0.375 0.471875 0.0328125 0.021875
0 0.3453125 0.396875 0.0453125 0.06875
0 0.39375 0.4328125 0.0609375 0.0796875
0 0.4203125 0.3640625 0.0296875 0.0578125
0 0.45 0.4078125 0.0390625 0.1328125
0 0.4984375 0.38125 0.0296875 0.0203125