0 0.6875 0.2765625 0.0203125 0.01875
0 0.434375 0.2859375 0.0453125 0.025
0 0.459375 0.303125 0.08125 0.0296875
0 0.6171875 0.3234375 0.0453125 0.0375
0 0.465625 0.3234375 0.0234375 0.0234375
0 0.665625 0.325 0.0296875 0.0328125
0 0.3421875 0.33125 0.0640625 0.0609375
0 0.7484375 0.3328125 0.053125 0.0234375
0 0.446875 0.3375 0.028125 0.0234375
0 0.4828125 0.3609375 0.05625 0.0390625
0 0.33125 0.3953125 0.05625 0.0296875
0 0.521875 0.4203125 0.021875 0.0359375
0 0.5828125 0.434375 0.0375 0.0171875
0 0.2703125 0.440625 0.0203125 0.025
0 0.3859375 0.44375 0.01875 0.025
0 0.5140625 0.45625 0.0484375 0.0484375
0 0.78125 0.459375 0.028125 0.065625
0 0.459375 0.465625 0.0296875 0.0453125
0 0.45625 0.4671875 0.0640625 0.0296875
0 0.7234375 0.46875 0.0359375 0.0234375
0 0.7078125 0.4984375 0.0328125 0.0265625
0 0.265625 0.5 0.021875 0.021875
0 0.2125 0.534375 0.028125 0.05625
0 0.471875 0.5359375 0.0234375 0.040625
0 0.5703125 0.5390625 0.025 0.0484375
0 0.259375 0.5546875 0.0375 0.0515625
0 0.1671875 0.5609375 0.0328125 0.04375
0 0.2890625 0.5640625 0.0265625 0.03125
0 0.6421875 0.56875 0.046875 0.04375
0 0.4171875 0.5796875 0.0359375 0.0359375
0 0.2390625 0.59375 0.0234375 0.0171875
0 0.521875 0.6 0.0546875 0.0515625
0 0.409375 0.60625 0.021875 0.0171875
0 0.446875 0.628125 0.0421875 0.0390625
0 0.284375 0.6640625 0.0328125 0.04375
0 0.3890625 0.6703125 0.0328125 0.0203125
0 0.4984375 0.703125 0.04375 0.075
0 0.540625 0.728125 0.04375 0.025
0 0.2859375 0.7578125 0.0328125 0.028125
0 0.6 0.765625 0.025 0.046875
0 0.3296875 0.7953125 0.0328125 0.0453125
0 0.4328125 0.20625 0.0234375 0.0234375
0 0.6671875 0.246875 0.0734375 0.0328125