0 0.2328125 0.1890625 0.025 0.0171875
0 0.1765625 0.2546875 0.021875 0.0296875
0 0.3109375 0.215625 0.021875 0.0328125
0 0.33125 0.24375 0.01875 0.0265625
0 0.4140625 0.2359375 0.06875 0.0375
0 0.3109375 0.3046875 0.0265625 0.01875
0 0.3421875 0.3296875 0.0265625 0.0203125
0 0.4453125 0.3609375 0.0359375 0.028125
0 0.453125 0.3375 0.01875 0.0171875
0 0.509375 0.3546875 0.040625 0.0453125
0 0.453125 0.3890625 0.0171875 0.01875
0 0.596875 0.390625 0.0296875 0.040625
0 0.6203125 0.434375 0.01875 0.025
0 0.54375 0.44375 0.040625 0.0265625
0 0.4734375 0.453125 0.0203125 0.0171875
0 0.421875 0.4234375 0.01875 0.015625
0 0.41875 0.453125 0.03125 0.025
0 0.4296875 0.4796875 0.025 0.034375
0 0.4015625 0.4984375 0.040625 0.0484375
0 0.365625 0.53125 0.028125 0.040625
0 0.4984375 0.5609375 0.0265625 0.025
0 0.5375 0.5734375 0.034375 0.0390625
0 0.578125 0.5328125 0.046875 0.0359375
0 0.6 0.5984375 0.071875 0.0234375
0 0.6375 0.6265625 0.0390625 0.021875
0 0.690625 0.6828125 0.03125 0.0375
0 0.6578125 0.6703125 0.0296875 0.0359375
0 0.625 0.66875 0.0359375 0.0484375
0 0.5765625 0.6578125 0.025 0.05625
0 0.4859375 0.596875 0.034375 0.0265625
0 0.25 0.5703125 0.0203125 0.04375
0 0.221875 0.440625 0.0453125 0.053125
0 0.315625 0.44375 0.01875 0.0171875
0 0.315625 0.4640625 0.015625 0.01875
0 0.20625 0.384375 0.0421875 0.05625
0 0.25 0.3828125 0.0671875 0.0515625
0 0.16875 0.6375 0.0375 0.04375
0 0.2953125 0.7328125 0.03125 0.0484375
0 0.340625 0.7609375 0.0265625 0.0421875
0 0.4125 0.796875 0.0421875 0.053125
0 0.44375 0.6921875 0.0390625 0.0765625
0 0.4796875 0.7171875 0.040625 0.0359375
0 0.4828125 0.68125 0.0515625 0.028125
0 0.490625 0.746875 0.01875 0.015625
0 0.5953125 0.7734375 0.0328125 0.025