0 0.5296875 0.2375 0.065625 0.046875
0 0.5640625 0.26875 0.0796875 0.05625
0 0.4484375 0.2265625 0.028125 0.053125
0 0.4265625 0.3453125 0.0890625 0.034375
0 0.5984375 0.4 0.0375 0.0578125
0 0.5484375 0.4078125 0.0296875 0.0390625
0 0.56875 0.4421875 0.028125 0.0171875
0 0.5125 0.4 0.034375 0.0515625
0 0.4734375 0.4109375 0.0265625 0.0515625
0 0.415625 0.4484375 0.034375 0.05
0 0.4515625 0.44375 0.034375 0.0515625
0 0.4296875 0.4109375 0.0359375 0.0203125
0 0.3421875 0.45625 0.034375 0.0578125
0 0.3453125 0.5 0.10625 0.0453125
0 0.28125 0.4390625 0.09375 0.040625
0 0.2546875 0.6375 0.028125 0.078125
0 0.3625 0.6328125 0.0578125 0.053125
0 0.3953125 0.6734375 0.03125 0.0296875
0 0.36875 0.703125 0.04375 0.03125
0 0.4234375 0.7078125 0.0578125 0.0390625
0 0.4609375 0.6859375 0.03125 0.034375
0 0.421875 0.6484375 0.025 0.0203125
0 0.5625 0.6359375 0.0234375 0.059375
0 0.5640625 0.696875 0.1 0.021875
0 0.3703125 0.7375 0.0671875 0.0203125
0 0.3640625 0.778125 0.0234375 0.053125
0 0.540625 0.8078125 0.065625 0.0390625
0 0.665625 0.778125 0.01875 0.0234375
0 0.7640625 0.71875 0.0359375 0.0203125
0 0.7296875 0.721875 0.03125 0.0453125
0 0.6953125 0.5828125 0.046875 0.021875
0 0.69375 0.5828125 0.0296875 0.065625
0 0.7453125 0.56875 0.059375 0.0421875
0 0.6671875 0.540625 0.01875 0.0390625
0 0.596875 0.528125 0.06875 0.028125
0 0.5578125 0.496875 0.0375 0.0359375
0 0.7375 0.4640625 0.0328125 0.01875