0 0.3515625 0.2765625 0.025 0.0828125
0 0.3046875 0.315625 0.0328125 0.0640625
0 0.271875 0.3515625 0.0171875 0.0390625
0 0.3890625 0.3765625 0.0625 0.0171875
0 0.28125 0.38125 0.1015625 0.040625
0 0.384375 0.3875 0.025 0.065625
0 0.45625 0.3984375 0.0296875 0.0765625
0 0.484375 0.4171875 0.0234375 0.028125
0 0.7015625 0.428125 0.1140625 0.1140625
0 0.24375 0.428125 0.059375 0.0671875
0 0.3078125 0.434375 0.0265625 0.046875
0 0.5328125 0.4453125 0.059375 0.040625
0 0.4625 0.4703125 0.071875 0.040625
0 0.203125 0.478125 0.0421875 0.05625
0 0.4671875 0.478125 0.028125 0.059375
0 0.6296875 0.4796875 0.0546875 0.0640625
0 0.5171875 0.4828125 0.0828125 0.0265625
0 0.625 0.484375 0.0671875 0.0921875
0 0.15625 0.4875 0.0640625 0.0703125
0 0.190625 0.496875 0.0140625 0.028125
0 0.359375 0.4984375 0.0296875 0.0515625
0 0.39375 0.5109375 0.021875 0.0328125
0 0.575 0.5109375 0.0421875 0.0640625
0 0.446875 0.5203125 0.0390625 0.0375
0 0.1265625 0.5203125 0.078125 0.078125
0 0.328125 0.534375 0.0625 0.075
0 0.440625 0.540625 0.040625 0.03125
0 0.378125 0.55 0.034375 0.0453125
0 0.4125 0.5546875 0.0234375 0.0203125
0 0.3109375 0.565625 0.034375 0.021875
0 0.20625 0.5734375 0.08125 0.028125
0 0.3359375 0.6 0.0625 0.0234375
0 0.4015625 0.6 0.109375 0.053125
0 0.2484375 0.6171875 0.090625 0.0703125
0 0.2328125 0.63125 0.0421875 0.05
0 0.496875 0.6421875 0.0984375 0.0671875
0 0.3453125 0.6765625 0.0734375 0.0515625
0 0.5078125 0.684375 0.046875 0.1484375
0 0.509375 0.696875 0.0796875 0.0484375
0 0.190625 0.703125 0.0390625 0.0296875
0 0.3640625 0.709375 0.034375 0.03125
0 0.2296875 0.709375 0.0703125 0.0953125
0 0.3125 0.74375 0.090625 0.04375
0 0.278125 0.2 0.059375 0.0578125