0 0.5546875 0.2546875 0.053125 0.021875
0 0.46875 0.215625 0.05 0.046875
0 0.453125 0.2421875 0.0203125 0.01875
0 0.415625 0.2484375 0.040625 0.0484375
0 0.3203125 0.2421875 0.0828125 0.021875
0 0.39375 0.3 0.0234375 0.0296875
0 0.346875 0.2578125 0.096875 0.046875
0 0.2609375 0.28125 0.090625 0.040625
0 0.3296875 0.3078125 0.0421875 0.0171875
0 0.3359375 0.33125 0.053125 0.028125
0 0.2609375 0.328125 0.071875 0.0390625
0 0.1765625 0.31875 0.0234375 0.0140625
0 0.1859375 0.34375 0.0546875 0.01875
0 0.296875 0.3640625 0.034375 0.01875
0 0.30625 0.390625 0.04375 0.01875
0 0.453125 0.35 0.0265625 0.0390625
0 0.509375 0.2953125 0.0265625 0.01875
0 0.465625 0.31875 0.0375 0.021875
0 0.5015625 0.3515625 0.0328125 0.028125
0 0.475 0.396875 0.0265625 0.034375
0 0.5296875 0.421875 0.046875 0.040625
0 0.525 0.359375 0.0609375 0.0796875
0 0.6359375 0.3546875 0.0640625 0.0234375
0 0.6515625 0.3859375 0.0640625 0.025
0 0.6453125 0.4625 0.046875 0.0484375
0 0.671875 0.5125 0.0515625 0.03125
0 0.7828125 0.553125 0.0265625 0.025
0 0.89375 0.5875 0.015625 0.0234375
0 0.7671875 0.59375 0.071875 0.0484375
0 0.6328125 0.521875 0.0203125 0.01875
0 0.678125 0.5578125 0.0671875 0.05
0 0.665625 0.58125 0.0234375 0.053125
0 0.709375 0.61875 0.0390625 0.053125
0 0.6515625 0.61875 0.015625 0.0578125
0 0.6375 0.6203125 0.0140625 0.0265625
0 0.6203125 0.6515625 0.021875 0.0921875
0 0.69375 0.6765625 0.05 0.0234375
0 0.5453125 0.7 0.0671875 0.021875
0 0.5734375 0.63125 0.03125 0.0234375
0 0.578125 0.5859375 0.0328125 0.0203125
0 0.5921875 0.565625 0.0546875 0.015625
0 0.5625 0.5328125 0.03125 0.03125
0 0.525 0.4828125 0.0375 0.025
0 0.528125 0.4546875 0.0640625 0.0296875
0 0.578125 0.45625 0.015625 0.0203125
0 0.528125 0.725 0.03125 0.06875