0 0.6046875 0.265625 0.0375 0.040625
0 0.3859375 0.271875 0.05 0.025
0 0.5046875 0.2765625 0.034375 0.0578125
0 0.3546875 0.30625 0.03125 0.0328125
0 0.1828125 0.3171875 0.040625 0.028125
0 0.578125 0.321875 0.025 0.0265625
0 0.675 0.3328125 0.0234375 0.0625
0 0.5328125 0.3421875 0.034375 0.01875
0 0.4828125 0.3484375 0.0265625 0.034375
0 0.309375 0.3546875 0.021875 0.028125
0 0.3046875 0.3734375 0.046875 0.0328125
0 0.7171875 0.378125 0.01875 0.028125
0 0.2453125 0.378125 0.0390625 0.028125
0 0.771875 0.4 0.0375 0.059375
0 0.4125 0.403125 0.0390625 0.0515625
0 0.471875 0.4125 0.090625 0.053125
0 0.7109375 0.4171875 0.040625 0.0796875
0 0.5109375 0.425 0.040625 0.021875
0 0.3640625 0.425 0.03125 0.0671875
0 0.76875 0.4390625 0.0375 0.05
0 0.6953125 0.453125 0.0390625 0.0359375
0 0.2421875 0.46875 0.090625 0.034375
0 0.315625 0.4875 0.0328125 0.0375
0 0.390625 0.4984375 0.028125 0.0515625
0 0.4515625 0.5078125 0.028125 0.05625
0 0.50625 0.5109375 0.034375 0.0296875
0 0.4421875 0.51875 0.0578125 0.0234375
0 0.5890625 0.521875 0.0203125 0.028125
0 0.5765625 0.5453125 0.0484375 0.028125
0 0.621875 0.559375 0.0234375 0.0484375
0 0.4375 0.5609375 0.021875 0.034375
0 0.2828125 0.5609375 0.04375 0.0421875
0 0.278125 0.6015625 0.03125 0.0359375
0 0.5890625 0.6375 0.0390625 0.04375
0 0.4125 0.653125 0.05 0.0359375
0 0.35 0.6546875 0.028125 0.03125
0 0.5984375 0.671875 0.0296875 0.0265625
0 0.58125 0.7203125 0.0453125 0.025
0 0.4140625 0.7328125 0.0734375 0.0546875
0 0.628125 0.740625 0.0328125 0.0640625
0 0.45 0.775 0.025 0.046875
0 0.3734375 0.2203125 0.0265625 0.021875
0 0.2984375 0.2515625 0.075 0.034375