0 0.7 0.29375 0.0484375 0.01875
0 0.684375 0.3171875 0.09375 0.03125
0 0.546875 0.325 0.05 0.028125
0 0.9234375 0.3421875 0.03125 0.025
0 0.48125 0.3515625 0.04375 0.046875
0 0.8265625 0.4078125 0.0703125 0.0390625
0 0.30625 0.41875 0.021875 0.040625
0 0.2375 0.4296875 0.0546875 0.0546875
0 0.0640625 0.440625 0.0296875 0.034375
0 0.7765625 0.4421875 0.040625 0.0234375
0 0.890625 0.4484375 0.0578125 0.053125
0 0.85625 0.4515625 0.0265625 0.01875
0 0.75625 0.465625 0.025 0.0203125
0 0.7125 0.471875 0.021875 0.0375
0 0.7328125 0.4859375 0.0203125 0.01875
0 0.84375 0.50625 0.059375 0.0265625
0 0.9125 0.5421875 0.0328125 0.0234375
0 0.9359375 0.578125 0.0453125 0.0296875
0 0.6203125 0.5828125 0.028125 0.03125
0 0.85625 0.6046875 0.0390625 0.0375
0 0.909375 0.61875 0.0484375 0.0390625
0 0.5796875 0.65625 0.021875 0.0390625
0 0.865625 0.65625 0.0171875 0.0296875
0 0.5234375 0.65625 0.0203125 0.040625
0 0.6703125 0.6765625 0.059375 0.04375
0 0.6625 0.6796875 0.021875 0.0921875
0 0.815625 0.7234375 0.06875 0.0234375
0 0.590625 0.7328125 0.0453125 0.0359375
0 0.8890625 0.778125 0.025 0.021875
0 0.7875 0.815625 0.0203125 0.0203125