0 0.3921875 0.2 0.034375 0.025
0 0.359375 0.2296875 0.0265625 0.028125
0 0.4265625 0.2671875 0.0484375 0.0234375
0 0.5 0.2421875 0.028125 0.04375
0 0.5828125 0.3359375 0.046875 0.0421875
0 0.55625 0.446875 0.0265625 0.046875
0 0.6578125 0.465625 0.01875 0.0796875
0 0.609375 0.5046875 0.040625 0.034375
0 0.621875 0.5484375 0.0359375 0.040625
0 0.7359375 0.5546875 0.0265625 0.053125
0 0.815625 0.5671875 0.0171875 0.015625
0 0.6140625 0.6109375 0.0265625 0.03125
0 0.634375 0.6296875 0.05 0.0296875
0 0.478125 0.696875 0.0578125 0.0296875
0 0.440625 0.746875 0.0390625 0.0203125
0 0.353125 0.740625 0.0265625 0.0359375
0 0.309375 0.7671875 0.0203125 0.028125
0 0.2734375 0.7328125 0.025 0.0359375
0 0.28125 0.7734375 0.025 0.040625
0 0.428125 0.659375 0.08125 0.0328125
0 0.41875 0.65 0.0265625 0.0703125
0 0.4890625 0.625 0.0234375 0.01875
0 0.3953125 0.6046875 0.03125 0.03125
0 0.3640625 0.559375 0.0421875 0.046875
0 0.4171875 0.5328125 0.01875 0.0265625
0 0.471875 0.5484375 0.05 0.05
0 0.490625 0.5125 0.021875 0.05625
0 0.3390625 0.5953125 0.025 0.046875
0 0.3015625 0.615625 0.0421875 0.078125
0 0.2625 0.6265625 0.0171875 0.025
0 0.2078125 0.553125 0.0421875 0.0671875
0 0.3328125 0.5015625 0.0453125 0.0296875
0 0.3703125 0.484375 0.01875 0.0171875
0 0.3359375 0.4515625 0.0375 0.046875
0 0.296875 0.478125 0.04375 0.0453125
0 0.2625 0.425 0.0296875 0.0234375
0 0.209375 0.4015625 0.028125 0.0359375
0 0.3234375 0.340625 0.0640625 0.040625
0 0.365625 0.359375 0.05625 0.0359375
0 0.3921875 0.3234375 0.021875 0.01875
0 0.409375 0.3546875 0.0484375 0.040625
0 0.421875 0.3265625 0.0625 0.0640625
0 0.4515625 0.3984375 0.01875 0.025
0 0.4765625 0.409375 0.015625 0.034375
0 0.5078125 0.4234375 0.0296875 0.0421875
0 0.50625 0.4140625 0.0421875 0.05
0 0.2921875 0.2546875 0.025 0.015625