0 0.33125 0.275 0.1375 0.0953125
0 0.8390625 0.3046875 0.0734375 0.059375
0 0.0734375 0.3140625 0.0578125 0.0375
0 0.1890625 0.31875 0.1109375 0.0421875
0 0.478125 0.3265625 0.0640625 0.05
0 0.4671875 0.38125 0.1125 0.065625
0 0.75625 0.4359375 0.05625 0.0890625
0 0.64375 0.459375 0.0796875 0.0921875
0 0.7203125 0.4984375 0.0703125 0.0296875
0 0.6828125 0.5375 0.0703125 0.0578125
0 0.7734375 0.584375 0.05 0.0296875
0 0.13125 0.184375 0.1203125 0.034375
0 0.278125 0.1921875 0.0328125 0.046875
0 0.0390625 0.2203125 0.065625 0.0890625
0 0.3125 0.2453125 0.05625 0.0328125
0 0.2109375 0.246875 0.0625 0.096875