0 0.40625 0.26875 0.06875 0.0328125
0 0.5734375 0.2890625 0.0546875 0.0328125
0 0.475 0.31875 0.0234375 0.053125
0 0.340625 0.321875 0.0484375 0.034375
0 0.4109375 0.325 0.01875 0.025
0 0.428125 0.3578125 0.04375 0.0234375
0 0.3765625 0.36875 0.0515625 0.0625
0 0.5671875 0.3703125 0.021875 0.03125
0 0.6734375 0.3734375 0.075 0.0234375
0 0.365625 0.3953125 0.046875 0.0546875
0 0.4296875 0.4265625 0.0265625 0.0203125
0 0.5640625 0.4625 0.0203125 0.0234375
0 0.3265625 0.475 0.05 0.0640625
0 0.4296875 0.4828125 0.0546875 0.0296875
0 0.5296875 0.484375 0.0578125 0.05625
0 0.2515625 0.484375 0.0390625 0.028125
0 0.4796875 0.4890625 0.034375 0.04375
0 0.4890625 0.496875 0.0609375 0.0875
0 0.7421875 0.4984375 0.01875 0.034375
0 0.5234375 0.5015625 0.0203125 0.021875
0 0.2734375 0.503125 0.046875 0.0328125
0 0.1078125 0.5078125 0.03125 0.0375
0 0.3765625 0.51875 0.0265625 0.0328125
0 0.2140625 0.528125 0.0265625 0.0296875
0 0.45625 0.5328125 0.0296875 0.0546875
0 0.246875 0.5484375 0.0234375 0.021875
0 0.1296875 0.55625 0.0546875 0.025
0 0.346875 0.55625 0.0546875 0.0265625
0 0.65625 0.5578125 0.028125 0.0515625
0 0.275 0.559375 0.0265625 0.025
0 0.4109375 0.5703125 0.0265625 0.0234375
0 0.440625 0.5828125 0.0203125 0.0234375
0 0.1734375 0.5875 0.1015625 0.046875
0 0.284375 0.5875 0.0515625 0.0234375
0 0.3859375 0.625 0.04375 0.028125
0 0.64375 0.628125 0.0546875 0.0390625
0 0.5671875 0.6296875 0.0375 0.04375
0 0.2296875 0.640625 0.0578125 0.05
0 0.3171875 0.6515625 0.03125 0.0484375
0 0.5203125 0.653125 0.03125 0.053125
0 0.409375 0.6640625 0.0484375 0.0609375
0 0.2796875 0.696875 0.0890625 0.046875
0 0.4640625 0.7015625 0.05 0.0359375
0 0.3421875 0.715625 0.0203125 0.0328125
0 0.396875 0.7296875 0.0234375 0.040625
0 0.3 0.790625 0.021875 0.0359375