0 0.2765625 0.2953125 0.0546875 0.0203125
0 0.4125 0.3109375 0.05625 0.0265625
0 0.0875 0.321875 0.0265625 0.03125
0 0.1890625 0.353125 0.034375 0.096875
0 0.5125 0.35625 0.025 0.05
0 0.55 0.375 0.03125 0.034375
0 0.48125 0.3828125 0.0171875 0.053125
0 0.4546875 0.4125 0.034375 0.0265625
0 0.2234375 0.43125 0.0453125 0.06875
0 0.340625 0.434375 0.0421875 0.0609375
0 0.55 0.44375 0.03125 0.025
0 0.3734375 0.4515625 0.05 0.0375
0 0.5984375 0.4640625 0.0265625 0.0125
0 0.2796875 0.4703125 0.01875 0.0296875
0 0.2984375 0.4828125 0.0234375 0.103125
0 0.4734375 0.4890625 0.0203125 0.0171875
0 0.3359375 0.5046875 0.040625 0.0359375
0 0.4171875 0.5203125 0.0296875 0.05
0 0.540625 0.5234375 0.0203125 0.0234375
0 0.3625 0.525 0.028125 0.0796875
0 0.26875 0.5265625 0.0390625 0.1
0 0.3859375 0.5359375 0.0296875 0.0609375
0 0.325 0.559375 0.034375 0.0171875
0 0.50625 0.578125 0.0171875 0.0203125
0 0.425 0.5796875 0.0578125 0.03125
0 0.4828125 0.603125 0.028125 0.025
0 0.2953125 0.6078125 0.0375 0.0734375
0 0.5234375 0.6171875 0.025 0.021875
0 0.540625 0.6421875 0.03125 0.0328125
0 0.4921875 0.6515625 0.0234375 0.015625
0 0.4296875 0.675 0.0703125 0.05
0 0.3953125 0.7578125 0.03125 0.053125
0 0.30625 0.7703125 0.034375 0.0296875
0 0.3234375 0.7890625 0.0375 0.059375
0 0.375 0.8015625 0.040625 0.025
0 0.1875 0.24375 0.06875 0.075