0 0.503125 0.275 0.025 0.0828125
0 0.5375 0.271875 0.0359375 0.05625
0 0.6078125 0.24375 0.0703125 0.04375
0 0.6390625 0.2796875 0.0578125 0.025
0 0.5796875 0.3046875 0.0515625 0.0421875
0 0.4203125 0.2078125 0.0703125 0.0203125
0 0.4328125 0.328125 0.0296875 0.03125
0 0.3671875 0.2890625 0.03125 0.0296875
0 0.3359375 0.3296875 0.0484375 0.01875
0 0.2625 0.3265625 0.071875 0.040625
0 0.3609375 0.390625 0.040625 0.05
0 0.428125 0.3859375 0.0640625 0.0421875
0 0.4640625 0.3671875 0.040625 0.021875
0 0.50625 0.403125 0.021875 0.021875
0 0.6296875 0.3703125 0.0671875 0.0375
0 0.825 0.43125 0.0453125 0.0234375
0 0.76875 0.434375 0.028125 0.034375
0 0.778125 0.4921875 0.0609375 0.0828125
0 0.7484375 0.5109375 0.0328125 0.0265625
0 0.715625 0.5015625 0.025 0.0546875
0 0.665625 0.5 0.03125 0.028125
0 0.7015625 0.4484375 0.021875 0.015625
0 0.815625 0.5828125 0.01875 0.0296875
0 0.7875 0.5671875 0.025 0.025
0 0.75625 0.6578125 0.0234375 0.025
0 0.771875 0.6453125 0.034375 0.0625
0 0.6828125 0.6234375 0.0328125 0.021875
0 0.5625 0.590625 0.05 0.0390625
0 0.61875 0.528125 0.0171875 0.01875
0 0.5765625 0.515625 0.025 0.0203125
0 0.5828125 0.478125 0.01875 0.0296875
0 0.509375 0.5796875 0.05625 0.046875
0 0.50625 0.546875 0.046875 0.1015625
0 0.4578125 0.4734375 0.0484375 0.075
0 0.4921875 0.434375 0.0234375 0.0234375
0 0.428125 0.428125 0.09375 0.04375
0 0.365625 0.4875 0.0203125 0.0921875
0 0.4078125 0.5203125 0.0515625 0.0375
0 0.4296875 0.5859375 0.046875 0.021875
0 0.2890625 0.5171875 0.0546875 0.021875
0 0.3046875 0.496875 0.04375 0.0203125
0 0.31875 0.4609375 0.0359375 0.0234375
0 0.309375 0.4328125 0.0546875 0.0234375
0 0.2375 0.434375 0.015625 0.0609375
0 0.20625 0.4875 0.0375 0.03125
0 0.434375 0.7875 0.0484375 0.0421875