0 0.425 0.2109375 0.0796875 0.053125
0 0.4515625 0.259375 0.0421875 0.053125
0 0.51875 0.2640625 0.0890625 0.03125
0 0.5609375 0.3234375 0.046875 0.0359375
0 0.65625 0.315625 0.1109375 0.046875
0 0.73125 0.41875 0.0859375 0.0359375
0 0.8 0.4546875 0.0234375 0.0421875
0 0.709375 0.4609375 0.0453125 0.03125
0 0.6640625 0.3953125 0.096875 0.0953125
0 0.5390625 0.3546875 0.0421875 0.0390625
0 0.5515625 0.3953125 0.109375 0.06875
0 0.546875 0.4359375 0.0890625 0.140625
0 0.5140625 0.4953125 0.053125 0.0359375
0 0.49375 0.4375 0.0984375 0.0953125
0 0.39375 0.3328125 0.1125 0.040625
0 0.3140625 0.303125 0.05625 0.034375
0 0.4140625 0.3859375 0.065625 0.059375
0 0.4796875 0.5453125 0.0640625 0.0640625
0 0.415625 0.51875 0.0234375 0.0359375
0 0.39375 0.54375 0.0484375 0.040625
0 0.4484375 0.6203125 0.040625 0.0828125
0 0.4140625 0.621875 0.0359375 0.090625
0 0.53125 0.665625 0.0421875 0.0625
0 0.58125 0.6640625 0.0296875 0.0875
0 0.6578125 0.625 0.0984375 0.028125
0 0.65 0.5875 0.046875 0.021875
0 0.634375 0.71875 0.06875 0.1515625
0 0.8171875 0.6953125 0.08125 0.0375
0 0.8328125 0.5546875 0.1078125 0.0609375
0 0.6859375 0.496875 0.0859375 0.03125
0 0.5265625 0.7890625 0.0890625 0.065625
0 0.3875 0.7359375 0.0609375 0.03125
0 0.371875 0.6859375 0.0828125 0.065625
0 0.3125 0.6796875 0.03125 0.109375
0 0.1578125 0.71875 0.0671875 0.0453125
0 0.209375 0.6421875 0.1203125 0.1109375
0 0.3171875 0.5765625 0.0703125 0.028125
0 0.3265625 0.4875 0.0609375 0.140625
0 0.321875 0.3734375 0.03125 0.0453125
0 0.2890625 0.3765625 0.0359375 0.0890625
0 0.1828125 0.334375 0.034375 0.0484375
0 0.2390625 0.409375 0.053125 0.0578125
0 0.1859375 0.453125 0.084375 0.0328125
0 0.20625 0.53125 0.065625 0.0484375
0 0.1546875 0.53125 0.06875 0.1046875
0 0.3 0.23125 0.03125 0.0453125