0 0.2796875 0.2578125 0.0703125 0.0578125
0 0.7078125 0.3 0.071875 0.078125
0 0.5125 0.346875 0.0671875 0.0296875
0 0.2296875 0.3875 0.0609375 0.1078125
0 0.7875 0.3890625 0.04375 0.0734375
0 0.8890625 0.3953125 0.0484375 0.0296875
0 0.165625 0.3984375 0.04375 0.0671875
0 0.1171875 0.3984375 0.0890625 0.1328125
0 0.5625 0.40625 0.075 0.0578125
0 0.5140625 0.4265625 0.078125 0.075
0 0.65625 0.428125 0.04375 0.096875
0 0.4640625 0.4890625 0.0640625 0.034375
0 0.1796875 0.5109375 0.0359375 0.0328125
0 0.8 0.528125 0.0421875 0.028125
0 0.6421875 0.534375 0.0734375 0.08125
0 0.7234375 0.5359375 0.0375 0.0375
0 0.9 0.5390625 0.0375 0.0203125
0 0.5484375 0.5625 0.0421875 0.05
0 0.2046875 0.5671875 0.08125 0.0421875
0 0.34375 0.578125 0.084375 0.040625
0 0.440625 0.5921875 0.059375 0.1109375
0 0.203125 0.6078125 0.078125 0.04375
0 0.571875 0.615625 0.059375 0.0375
0 0.8 0.621875 0.0484375 0.065625
0 0.4171875 0.6234375 0.08125 0.0421875
0 0.6328125 0.64375 0.034375 0.0265625
0 0.340625 0.6546875 0.109375 0.1015625
0 0.1875 0.6609375 0.1109375 0.034375
0 0.4625 0.6640625 0.0484375 0.0484375
0 0.4890625 0.6734375 0.0515625 0.0875
0 0.4546875 0.675 0.0390625 0.0546875
0 0.5984375 0.68125 0.071875 0.078125
0 0.1859375 0.696875 0.05 0.0359375
0 0.34375 0.7015625 0.090625 0.08125
0 0.2578125 0.725 0.0359375 0.034375
0 0.215625 0.7625 0.046875 0.08125
0 0.153125 0.2015625 0.059375 0.0640625
0 0.43125 0.2015625 0.0515625 0.06875
0 0.5265625 0.225 0.0828125 0.040625