0 0.740625 0.2625 0.046875 0.0453125
0 0.3640625 0.3296875 0.0515625 0.0203125
0 0.3484375 0.35625 0.096875 0.0328125
0 0.828125 0.35625 0.0484375 0.0640625
0 0.2109375 0.3640625 0.05 0.025
0 0.5875 0.38125 0.028125 0.025
0 0.1453125 0.3875 0.0421875 0.04375
0 0.490625 0.4453125 0.0703125 0.040625
0 0.4421875 0.478125 0.040625 0.0265625
0 0.678125 0.4828125 0.0671875 0.0515625
0 0.5546875 0.4859375 0.0578125 0.05625
0 0.5203125 0.4890625 0.0265625 0.01875
0 0.4203125 0.5015625 0.0234375 0.01875
0 0.375 0.5078125 0.021875 0.0375
0 0.3953125 0.5234375 0.021875 0.01875
0 0.509375 0.5453125 0.059375 0.0265625
0 0.671875 0.546875 0.0890625 0.040625
0 0.5765625 0.58125 0.0328125 0.0234375
0 0.6609375 0.5859375 0.0234375 0.0484375
0 0.6921875 0.6 0.0203125 0.01875
0 0.6015625 0.615625 0.05 0.0296875
0 0.2859375 0.6203125 0.03125 0.03125
0 0.7140625 0.6421875 0.040625 0.040625
0 0.521875 0.64375 0.0421875 0.0375
0 0.575 0.65625 0.05 0.0359375
0 0.53125 0.69375 0.021875 0.034375
0 0.1890625 0.6953125 0.0234375 0.0421875
0 0.2453125 0.6953125 0.0234375 0.0375
0 0.965625 0.709375 0.0390625 0.021875
0 0.334375 0.7140625 0.0609375 0.0421875
0 0.3265625 0.7171875 0.025 0.0953125
0 0.48125 0.7609375 0.071875 0.025
0 0.253125 0.7703125 0.046875 0.0390625
0 0.659375 0.78125 0.0359375 0.0265625
0 0.7625 0.7828125 0.01875 0.0171875
0 0.553125 0.8171875 0.0265625 0.0203125
0 0.725 0.215625 0.065625 0.0234375