0 0.3625 0.253125 0.0375 0.03125
0 0.384375 0.2890625 0.0734375 0.0171875
0 0.446875 0.275 0.0296875 0.021875
0 0.534375 0.2765625 0.13125 0.0296875
0 0.5265625 0.309375 0.0671875 0.0296875
0 0.5640625 0.33125 0.06875 0.025
0 0.653125 0.2890625 0.03125 0.0453125
0 0.7515625 0.3578125 0.0796875 0.0578125
0 0.6671875 0.4 0.0390625 0.040625
0 0.7125 0.36875 0.021875 0.021875
0 0.6765625 0.371875 0.0359375 0.0875
0 0.64375 0.34375 0.084375 0.075
0 0.5671875 0.3921875 0.0484375 0.0296875
0 0.559375 0.3828125 0.0703125 0.0609375
0 0.5125 0.38125 0.0421875 0.040625
0 0.403125 0.3421875 0.034375 0.0390625
0 0.38125 0.353125 0.015625 0.0265625
0 0.34375 0.3671875 0.03125 0.0328125
0 0.4125 0.3875 0.140625 0.028125
0 0.2765625 0.3640625 0.053125 0.028125
0 0.3984375 0.409375 0.04375 0.0171875
0 0.459375 0.428125 0.0359375 0.065625
0 0.4234375 0.4546875 0.0640625 0.0171875
0 0.3125 0.5125 0.0625 0.071875
0 0.328125 0.4859375 0.059375 0.0578125
0 0.521875 0.43125 0.0515625 0.021875
0 0.6203125 0.4578125 0.021875 0.0515625
0 0.690625 0.4515625 0.0921875 0.021875
0 0.7640625 0.4328125 0.0546875 0.0703125
0 0.6453125 0.5109375 0.0234375 0.040625
0 0.61875 0.5015625 0.01875 0.0484375
0 0.578125 0.4515625 0.0625 0.0515625
0 0.525 0.4828125 0.0234375 0.0234375
0 0.521875 0.5078125 0.1234375 0.0203125
0 0.521875 0.5515625 0.0265625 0.04375
0 0.55625 0.546875 0.0296875 0.0640625
0 0.634375 0.6015625 0.0375 0.0484375
0 0.6546875 0.5484375 0.0203125 0.0203125
0 0.709375 0.53125 0.0703125 0.0328125
0 0.740625 0.6328125 0.0484375 0.0625
0 0.6296875 0.653125 0.0328125 0.0140625
0 0.5953125 0.675 0.09375 0.0265625
0 0.509375 0.6390625 0.05 0.015625
0 0.5671875 0.6328125 0.065625 0.028125
0 0.571875 0.6 0.09375 0.0421875
0 0.5609375 0.61875 0.0234375 0.0703125
0 0.3453125 0.646875 0.0328125 0.0703125
0 0.375 0.6671875 0.03125 0.0203125
0 0.415625 0.61875 0.071875 0.04375