0 0.6453125 0.2578125 0.071875 0.0703125
0 0.428125 0.303125 0.028125 0.0203125
0 0.5234375 0.3109375 0.0734375 0.04375
0 0.353125 0.3390625 0.040625 0.0890625
0 0.778125 0.3421875 0.0625 0.0359375
0 0.3234375 0.38125 0.05625 0.053125
0 0.509375 0.3953125 0.0328125 0.0484375
0 0.5546875 0.3984375 0.059375 0.0375
0 0.3546875 0.4015625 0.0796875 0.0421875
0 0.6703125 0.428125 0.0609375 0.0328125
0 0.5265625 0.4296875 0.040625 0.0234375
0 0.28125 0.4390625 0.078125 0.075
0 0.5140625 0.4484375 0.059375 0.03125
0 0.359375 0.45 0.0328125 0.025
0 0.65 0.48125 0.06875 0.03125
0 0.5765625 0.5 0.028125 0.05
0 0.5421875 0.5109375 0.0296875 0.06875
0 0.728125 0.5171875 0.025 0.0625
0 0.36875 0.54375 0.0203125 0.028125
0 0.340625 0.54375 0.0234375 0.03125
0 0.75625 0.55625 0.0265625 0.0265625
0 0.3515625 0.5703125 0.040625 0.01875
0 0.646875 0.5828125 0.05 0.028125
0 0.603125 0.5953125 0.0328125 0.08125
0 0.24375 0.6125 0.0234375 0.0359375
0 0.759375 0.6140625 0.0375 0.065625
0 0.3265625 0.6140625 0.0625 0.06875
0 0.2703125 0.625 0.0265625 0.0296875
0 0.4640625 0.6421875 0.0375 0.021875
0 0.4046875 0.6546875 0.04375 0.0328125
0 0.4953125 0.6734375 0.05 0.0375
0 0.215625 0.6828125 0.059375 0.0921875
0 0.7171875 0.6859375 0.046875 0.0421875
0 0.20625 0.6921875 0.034375 0.053125
0 0.3796875 0.696875 0.0515625 0.075
0 0.275 0.7015625 0.025 0.0375
0 0.665625 0.70625 0.034375 0.0484375
0 0.5390625 0.7171875 0.05 0.0640625
0 0.3296875 0.7296875 0.0515625 0.053125
0 0.6984375 0.746875 0.0484375 0.0453125
0 0.3734375 0.759375 0.040625 0.03125
0 0.515625 0.775 0.046875 0.0828125
0 0.384375 0.7890625 0.028125 0.03125
0 0.478125 0.225 0.0734375 0.0796875
0 0.38125 0.25 0.0875 0.03125