0 0.5203125 0.275 0.01875 0.03125
0 0.4328125 0.340625 0.021875 0.0265625
0 0.6671875 0.38125 0.0734375 0.0359375
0 0.6875 0.4109375 0.021875 0.0171875
0 0.434375 0.4203125 0.0421875 0.028125
0 0.4625 0.4375 0.0828125 0.0328125
0 0.6171875 0.4578125 0.04375 0.0375
0 0.465625 0.4578125 0.0234375 0.0234375
0 0.665625 0.4609375 0.0296875 0.0359375
0 0.3390625 0.4640625 0.0625 0.0609375
0 0.7484375 0.4671875 0.0515625 0.021875
0 0.446875 0.46875 0.0296875 0.0234375
0 0.48125 0.49375 0.0578125 0.040625
0 0.33125 0.5265625 0.0578125 0.0234375
0 0.5234375 0.5546875 0.0234375 0.0375
0 0.5859375 0.56875 0.0359375 0.0203125
0 0.2703125 0.575 0.01875 0.0234375
0 0.3859375 0.578125 0.0203125 0.025
0 0.5140625 0.590625 0.0484375 0.046875
0 0.78125 0.5921875 0.025 0.0625
0 0.4609375 0.6 0.0296875 0.04375
0 0.4578125 0.6015625 0.065625 0.0328125
0 0.721875 0.603125 0.0328125 0.0234375
0 0.70625 0.6328125 0.0390625 0.025
0 0.265625 0.634375 0.0265625 0.01875
0 0.2140625 0.6671875 0.028125 0.0578125
0 0.471875 0.6703125 0.0234375 0.0375
0 0.56875 0.671875 0.025 0.046875
0 0.2609375 0.6859375 0.0375 0.0515625
0 0.1703125 0.69375 0.0359375 0.04375
0 0.2890625 0.6984375 0.025 0.0328125
0 0.6421875 0.7046875 0.04375 0.040625
0 0.4171875 0.7125 0.0390625 0.034375
0 0.2375 0.728125 0.021875 0.025
0 0.521875 0.734375 0.05625 0.0515625
0 0.4109375 0.7421875 0.01875 0.0171875
0 0.446875 0.7609375 0.0421875 0.0390625
0 0.2859375 0.7984375 0.034375 0.0359375
0 0.3890625 0.803125 0.0328125 0.021875
0 0.5078125 0.8140625 0.025 0.028125
0 0.559375 0.196875 0.015625 0.0234375
0 0.565625 0.21875 0.0421875 0.046875
0 0.53125 0.2234375 0.0265625 0.0375