0 0.746875 0.215625 0.05625 0.0296875
0 0.8046875 0.3265625 0.0140625 0.0171875
0 0.7328125 0.3171875 0.025 0.034375
0 0.775 0.4359375 0.028125 0.0625
0 0.8109375 0.5375 0.0421875 0.0984375
0 0.71875 0.4734375 0.0265625 0.05625
0 0.7109375 0.5921875 0.01875 0.0734375
0 0.753125 0.671875 0.0546875 0.028125
0 0.684375 0.646875 0.015625 0.0265625
0 0.575 0.5640625 0.025 0.021875
0 0.5875 0.5484375 0.0234375 0.0140625
0 0.65625 0.521875 0.0640625 0.0484375
0 0.6359375 0.6015625 0.0765625 0.040625
0 0.6546875 0.61875 0.05 0.096875
0 0.5796875 0.6921875 0.03125 0.021875
0 0.603125 0.721875 0.0421875 0.040625
0 0.4421875 0.690625 0.0203125 0.0234375
0 0.4734375 0.6640625 0.0390625 0.0578125
0 0.5234375 0.603125 0.0296875 0.0390625
0 0.5 0.55625 0.025 0.01875
0 0.4828125 0.5640625 0.025 0.0609375
0 0.440625 0.6078125 0.0125 0.040625
0 0.4140625 0.6140625 0.109375 0.0171875
0 0.3796875 0.65 0.053125 0.03125
0 0.3265625 0.6921875 0.0484375 0.0578125
0 0.2859375 0.5921875 0.021875 0.015625
0 0.34375 0.55625 0.01875 0.040625
0 0.1671875 0.503125 0.028125 0.053125
0 0.4765625 0.4609375 0.05 0.05
0 0.471875 0.4375 0.0484375 0.0875
0 0.390625 0.40625 0.01875 0.0734375
0 0.44375 0.371875 0.0265625 0.053125
0 0.521875 0.3890625 0.0234375 0.0828125
0 0.58125 0.3984375 0.0171875 0.0140625
0 0.5625 0.334375 0.0515625 0.0390625
0 0.5375 0.2953125 0.025 0.03125
0 0.5828125 0.3078125 0.021875 0.021875
0 0.5921875 0.2671875 0.03125 0.01875
0 0.628125 0.334375 0.015625 0.034375
0 0.4046875 0.33125 0.0203125 0.0484375
0 0.6234375 0.4578125 0.05625 0.01875
0 0.6265625 0.440625 0.0234375 0.0796875