0 0.5984375 0.209375 0.0359375 0.0578125
0 0.55 0.21875 0.0296875 0.040625
0 0.56875 0.2515625 0.025 0.0171875
0 0.5140625 0.209375 0.034375 0.05
0 0.475 0.2203125 0.0265625 0.0515625
0 0.4515625 0.2546875 0.034375 0.0453125
0 0.4171875 0.2578125 0.0359375 0.0515625
0 0.4296875 0.2203125 0.03125 0.01875
0 0.559375 0.30625 0.0359375 0.034375
0 0.5953125 0.3375 0.065625 0.025
0 0.66875 0.35 0.01875 0.0359375
0 0.7375 0.271875 0.0328125 0.015625
0 0.74375 0.378125 0.0546875 0.0375
0 0.69375 0.390625 0.040625 0.025
0 0.69375 0.3921875 0.03125 0.0625
0 0.5625 0.4453125 0.0234375 0.0625
0 0.5640625 0.50625 0.1015625 0.0234375
0 0.4609375 0.496875 0.03125 0.0328125
0 0.4234375 0.4578125 0.025 0.01875
0 0.3640625 0.4421875 0.0578125 0.0546875
0 0.3953125 0.4828125 0.0328125 0.03125
0 0.36875 0.5109375 0.04375 0.0296875
0 0.4234375 0.5171875 0.0578125 0.040625
0 0.3703125 0.5453125 0.0671875 0.0234375
0 0.3640625 0.5890625 0.025 0.0578125
0 0.4875 0.6421875 0.015625 0.0265625
0 0.5296875 0.6484375 0.0375 0.0453125
0 0.540625 0.6203125 0.0703125 0.0484375
0 0.4828125 0.66875 0.0453125 0.01875
0 0.5078125 0.6953125 0.0375 0.021875
0 0.6546875 0.696875 0.0203125 0.0171875
0 0.675 0.73125 0.0265625 0.025
0 0.64375 0.6484375 0.0453125 0.040625
0 0.665625 0.5875 0.0171875 0.021875
0 0.765625 0.615625 0.0328125 0.021875
0 0.7640625 0.5265625 0.04375 0.0203125
0 0.7328125 0.528125 0.0265625 0.04375
0 0.25625 0.446875 0.0296875 0.0796875
0 0.3453125 0.309375 0.10625 0.046875
0 0.340625 0.2640625 0.03125 0.05625
0 0.28125 0.246875 0.0953125 0.040625