0 0.428125 0.259375 0.0625 0.096875
0 0.7640625 0.265625 0.0484375 0.0390625
0 0.715625 0.296875 0.0640625 0.053125
0 0.6046875 0.2984375 0.0734375 0.0390625
0 0.5109375 0.303125 0.0328125 0.025
0 0.196875 0.3125 0.028125 0.0265625
0 0.25 0.33125 0.0484375 0.046875
0 0.6984375 0.3390625 0.0296875 0.06875
0 0.21875 0.3546875 0.028125 0.0421875
0 0.6515625 0.3546875 0.0359375 0.08125
0 0.803125 0.3578125 0.06875 0.05625
0 0.3984375 0.4125 0.025 0.040625
0 0.44375 0.4234375 0.046875 0.028125
0 0.1796875 0.44375 0.084375 0.0875
0 0.2515625 0.4609375 0.0640625 0.06875
0 0.09375 0.4625 0.0421875 0.09375
0 0.66875 0.484375 0.0421875 0.04375
0 0.3078125 0.4875 0.0609375 0.0546875
0 0.796875 0.4890625 0.134375 0.0390625
0 0.54375 0.4953125 0.0484375 0.0265625
0 0.4125 0.4984375 0.0515625 0.04375
0 0.6375 0.521875 0.0265625 0.0234375
0 0.546875 0.55 0.1328125 0.0296875
0 0.3640625 0.559375 0.071875 0.0421875
0 0.565625 0.603125 0.090625 0.0296875
0 0.7578125 0.6046875 0.0625 0.1171875
0 0.6875 0.6265625 0.0328125 0.1
0 0.3296875 0.6328125 0.0921875 0.0328125
0 0.53125 0.6796875 0.1 0.1046875
0 0.7046875 0.7046875 0.0734375 0.046875
0 0.4828125 0.184375 0.059375 0.0265625
0 0.3703125 0.71875 0.0828125 0.028125
0 0.6390625 0.7296875 0.0578125 0.0609375
0 0.5421875 0.7671875 0.0671875 0.046875
0 0.2484375 0.7859375 0.0484375 0.0546875
0 0.646875 0.196875 0.025 0.0375
0 0.175 0.221875 0.0296875 0.034375
0 0.353125 0.234375 0.0359375 0.0484375
0 0.5578125 0.2453125 0.06875 0.0296875
0 0.140625 0.253125 0.028125 0.0796875