0 0.4984375 0.346875 0.0390625 0.046875
0 0.503125 0.2203125 0.0296875 0.021875
0 0.425 0.3921875 0.0171875 0.04375
0 0.3875 0.4015625 0.034375 0.0734375
0 0.4265625 0.4390625 0.0359375 0.0203125
0 0.503125 0.459375 0.0328125 0.03125
0 0.6125 0.4125 0.0203125 0.015625
0 0.6671875 0.4 0.0265625 0.0234375
0 0.6703125 0.4765625 0.0203125 0.03125
0 0.7734375 0.5421875 0.0359375 0.0203125
0 0.6703125 0.553125 0.025 0.03125
0 0.61875 0.5671875 0.025 0.0203125
0 0.7234375 0.6171875 0.04375 0.025
0 0.7953125 0.659375 0.05625 0.04375
0 0.7875 0.696875 0.01875 0.0234375
0 0.8046875 0.7703125 0.021875 0.021875
0 0.6234375 0.7625 0.08125 0.0234375
0 0.565625 0.7296875 0.028125 0.0796875
0 0.609375 0.6640625 0.034375 0.028125
0 0.5953125 0.6125 0.0578125 0.0234375
0 0.5203125 0.6078125 0.025 0.0375
0 0.50625 0.58125 0.0234375 0.0234375
0 0.4671875 0.5734375 0.040625 0.05
0 0.4640625 0.61875 0.0578125 0.0265625
0 0.503125 0.7046875 0.04375 0.0453125
0 0.509375 0.746875 0.0234375 0.034375
0 0.5140625 0.796875 0.0625 0.0328125
0 0.4421875 0.715625 0.015625 0.025
0 0.41875 0.7375 0.021875 0.046875
0 0.3828125 0.7296875 0.04375 0.075
0 0.34375 0.6796875 0.04375 0.0359375
0 0.3 0.6234375 0.0484375 0.021875
0 0.234375 0.678125 0.0578125 0.0265625
0 0.2453125 0.56875 0.03125 0.0453125
0 0.3796875 0.565625 0.0625 0.021875
0 0.3921875 0.5125 0.01875 0.0390625
0 0.353125 0.534375 0.059375 0.0328125
0 0.465625 0.5015625 0.05 0.03125
0 0.4078125 0.46875 0.04375 0.025
0 0.26875 0.4515625 0.034375 0.0421875
0 0.2140625 0.4484375 0.025 0.0546875
0 0.1890625 0.4859375 0.0171875 0.03125
0 0.228125 0.496875 0.0296875 0.0484375
0 0.2859375 0.796875 0.0203125 0.0171875
0 0.3109375 0.3171875 0.021875 0.021875
0 0.234375 0.3546875 0.0203125 0.025