0 0.2375 0.3609375 0.046875 0.071875
0 0.1921875 0.371875 0.028125 0.0453125
0 0.3015625 0.3671875 0.028125 0.0328125
0 0.33125 0.3921875 0.021875 0.015625
0 0.35625 0.371875 0.0140625 0.034375
0 0.2828125 0.4140625 0.025 0.028125
0 0.3765625 0.4046875 0.034375 0.059375
0 0.4296875 0.371875 0.025 0.03125
0 0.425 0.3375 0.01875 0.0234375
0 0.45625 0.3203125 0.05625 0.028125
0 0.465625 0.328125 0.03125 0.06875
0 0.50625 0.3875 0.0140625 0.021875
0 0.5265625 0.415625 0.04375 0.03125
0 0.5421875 0.4140625 0.0328125 0.1078125
0 0.578125 0.44375 0.01875 0.053125
0 0.5859375 0.38125 0.0421875 0.0265625
0 0.6 0.3640625 0.0734375 0.040625
0 0.678125 0.375 0.0484375 0.05625
0 0.640625 0.4484375 0.0234375 0.065625
0 0.6125 0.4625 0.0296875 0.05
0 0.49375 0.4859375 0.0453125 0.028125
0 0.56875 0.5625 0.05 0.034375
0 0.5015625 0.53125 0.071875 0.025
0 0.503125 0.60625 0.0171875 0.0625
0 0.496875 0.6015625 0.09375 0.0515625
0 0.4109375 0.615625 0.0328125 0.0203125
0 0.4125 0.5890625 0.015625 0.021875
0 0.4546875 0.5296875 0.028125 0.075
0 0.4296875 0.5171875 0.0546875 0.0140625
0 0.4015625 0.5015625 0.040625 0.0515625
0 0.409375 0.5625 0.0625 0.0703125
0 0.3671875 0.490625 0.0140625 0.0265625
0 0.359375 0.603125 0.0171875 0.0578125
0 0.3296875 0.646875 0.0265625 0.059375
0 0.321875 0.6265625 0.071875 0.0515625
0 0.3296875 0.534375 0.0421875 0.0765625
0 0.309375 0.509375 0.0203125 0.01875
0 0.26875 0.53125 0.034375 0.040625
0 0.3046875 0.4578125 0.0203125 0.0234375
0 0.2703125 0.4890625 0.0359375 0.021875
0 0.24375 0.459375 0.0875 0.0375
0 0.234375 0.4640625 0.059375 0.084375
0 0.2171875 0.540625 0.0453125 0.015625
0 0.178125 0.5296875 0.0515625 0.05
0 0.1859375 0.578125 0.0484375 0.03125
0 0.2078125 0.6390625 0.03125 0.0265625
0 0.3 0.7515625 0.0140625 0.0203125