0 0.6625 0.2515625 0.021875 0.053125
0 0.75 0.24375 0.03125 0.0453125
0 0.690625 0.225 0.021875 0.0140625
0 0.7171875 0.1890625 0.0296875 0.0203125
0 0.6421875 0.2140625 0.0484375 0.04375
0 0.80625 0.284375 0.05 0.0515625
0 0.7296875 0.371875 0.0171875 0.0890625
0 0.76875 0.3765625 0.0421875 0.0375
0 0.8109375 0.39375 0.0171875 0.0359375
0 0.696875 0.346875 0.028125 0.01875
0 0.659375 0.396875 0.0359375 0.0171875
0 0.725 0.471875 0.01875 0.040625
0 0.7796875 0.453125 0.0171875 0.05
0 0.840625 0.478125 0.03125 0.025
0 0.740625 0.5109375 0.0375 0.046875
0 0.621875 0.65 0.053125 0.0765625
0 0.5671875 0.58125 0.0171875 0.034375
0 0.5234375 0.5484375 0.0296875 0.0171875
0 0.5296875 0.5828125 0.04375 0.0421875
0 0.4671875 0.4953125 0.025 0.0359375
0 0.63125 0.4171875 0.0296875 0.021875
0 0.5734375 0.396875 0.04375 0.0453125
0 0.4546875 0.3921875 0.04375 0.05625
0 0.3125 0.4578125 0.0375 0.0625
0 0.453125 0.5328125 0.0453125 0.0203125
0 0.46875 0.559375 0.015625 0.01875
0 0.425 0.578125 0.025 0.025
0 0.3484375 0.5625 0.025 0.034375
0 0.2203125 0.5609375 0.040625 0.028125
0 0.10625 0.575 0.034375 0.040625
0 0.190625 0.659375 0.021875 0.0234375
0 0.1609375 0.6609375 0.0171875 0.0140625
0 0.1421875 0.7171875 0.01875 0.0734375
0 0.2453125 0.70625 0.034375 0.04375
0 0.271875 0.734375 0.01875 0.021875
0 0.3328125 0.659375 0.015625 0.015625
0 0.3265625 0.6328125 0.0109375 0.015625
0 0.3828125 0.6125 0.01875 0.0203125
0 0.4328125 0.6625 0.0484375 0.01875
0 0.5328125 0.7171875 0.0546875 0.04375
0 0.4515625 0.75625 0.05 0.040625