0 0.50625 0.2765625 0.0265625 0.0546875
0 0.546875 0.290625 0.05 0.0421875
0 0.6859375 0.2921875 0.0578125 0.0921875
0 0.6015625 0.2984375 0.0234375 0.028125
0 0.4640625 0.3109375 0.040625 0.0328125
0 0.384375 0.3171875 0.0296875 0.0234375
0 0.71875 0.3359375 0.0484375 0.04375
0 0.575 0.3359375 0.0421875 0.0296875
0 0.425 0.3421875 0.065625 0.040625
0 0.5015625 0.346875 0.0234375 0.0234375
0 0.715625 0.3734375 0.0578125 0.028125
0 0.425 0.3734375 0.065625 0.021875
0 0.5328125 0.375 0.075 0.0390625
0 0.778125 0.378125 0.01875 0.0203125
0 0.621875 0.3796875 0.0203125 0.034375
0 0.58125 0.390625 0.05 0.034375
0 0.653125 0.3921875 0.0328125 0.025
0 0.5609375 0.425 0.0328125 0.028125
0 0.728125 0.428125 0.0359375 0.0203125
0 0.325 0.4359375 0.034375 0.053125
0 0.2921875 0.4375 0.0265625 0.040625
0 0.5125 0.4390625 0.0859375 0.0640625
0 0.6203125 0.453125 0.028125 0.046875
0 0.728125 0.459375 0.025 0.0296875
0 0.7109375 0.484375 0.0203125 0.0265625
0 0.4421875 0.490625 0.0546875 0.05
0 0.365625 0.490625 0.0546875 0.034375
0 0.509375 0.509375 0.0296875 0.0234375
0 0.6390625 0.5140625 0.0875 0.0640625
0 0.3875 0.5171875 0.01875 0.0421875
0 0.59375 0.546875 0.0265625 0.0734375
0 0.503125 0.553125 0.0265625 0.0390625
0 0.659375 0.571875 0.053125 0.0296875
0 0.7859375 0.5796875 0.04375 0.040625
0 0.428125 0.5828125 0.0734375 0.0796875
0 0.415625 0.5984375 0.0484375 0.05
0 0.5171875 0.6296875 0.03125 0.0671875
0 0.5421875 0.640625 0.0296875 0.071875
0 0.35 0.6421875 0.040625 0.05625
0 0.3203125 0.653125 0.015625 0.0296875
0 0.29375 0.653125 0.0296875 0.05625
0 0.6171875 0.6546875 0.05 0.0796875
0 0.446875 0.690625 0.03125 0.0734375
0 0.4046875 0.7109375 0.028125 0.0390625
0 0.3859375 0.74375 0.0421875 0.05