0 0.40625 0.2390625 0.06875 0.0578125
0 0.5 0.246875 0.03125 0.0625
0 0.44375 0.2859375 0.034375 0.078125
0 0.559375 0.2859375 0.0203125 0.04375
0 0.5640625 0.290625 0.04375 0.021875
0 0.690625 0.2984375 0.0625 0.040625
0 0.653125 0.29375 0.06875 0.09375
0 0.59375 0.3390625 0.059375 0.0359375
0 0.540625 0.3390625 0.0390625 0.0390625
0 0.5015625 0.346875 0.03125 0.0359375
0 0.6734375 0.425 0.05 0.0578125
0 0.6015625 0.4234375 0.0296875 0.109375
0 0.6109375 0.41875 0.0734375 0.0625
0 0.5515625 0.3984375 0.0515625 0.028125
0 0.4953125 0.4 0.059375 0.040625
0 0.4609375 0.428125 0.01875 0.0234375
0 0.4296875 0.384375 0.0203125 0.0390625
0 0.4 0.378125 0.028125 0.0484375
0 0.371875 0.325 0.0578125 0.0328125
0 0.3203125 0.3359375 0.0203125 0.0296875
0 0.28125 0.3234375 0.034375 0.034375
0 0.278125 0.365625 0.05 0.0421875
0 0.365625 0.43125 0.0484375 0.03125
0 0.253125 0.45 0.0484375 0.040625
0 0.334375 0.4875 0.021875 0.040625
0 0.2234375 0.5234375 0.028125 0.0671875
0 0.3640625 0.5453125 0.0234375 0.06875
0 0.384375 0.475 0.046875 0.040625
0 0.3890625 0.4796875 0.059375 0.04375
0 0.4375 0.4921875 0.0171875 0.0265625
0 0.4796875 0.5046875 0.03125 0.0265625
0 0.434375 0.5328125 0.0578125 0.05625
0 0.521875 0.4953125 0.046875 0.06875
0 0.5578125 0.51875 0.01875 0.0203125
0 0.6421875 0.5140625 0.015625 0.025
0 0.69375 0.496875 0.028125 0.0296875
0 0.6671875 0.5296875 0.0328125 0.025
0 0.740625 0.584375 0.084375 0.04375
0 0.64375 0.6046875 0.0296875 0.0859375
0 0.590625 0.6421875 0.078125 0.0421875
0 0.453125 0.6109375 0.0390625 0.075
0 0.421875 0.6734375 0.0546875 0.021875
0 0.2953125 0.621875 0.071875 0.05625
0 0.428125 0.7578125 0.09375 0.025
0 0.509375 0.7421875 0.1109375 0.0859375
0 0.6328125 0.7421875 0.0515625 0.0421875