0 0.58125 0.2578125 0.0296875 0.01875
0 0.5484375 0.2859375 0.0578125 0.03125
0 0.753125 0.296875 0.09375 0.04375
0 0.6796875 0.3015625 0.0453125 0.0375
0 0.6234375 0.3109375 0.0296875 0.025
0 0.49375 0.3140625 0.034375 0.0359375
0 0.7578125 0.31875 0.0296875 0.0296875
0 0.5828125 0.325 0.0234375 0.0421875
0 0.7875 0.328125 0.0203125 0.0609375
0 0.1921875 0.33125 0.0484375 0.0359375
0 0.3265625 0.3328125 0.021875 0.0734375
0 0.73125 0.334375 0.021875 0.040625
0 0.49375 0.3421875 0.0859375 0.0578125
0 0.753125 0.346875 0.0328125 0.0265625
0 0.671875 0.3546875 0.071875 0.01875
0 0.7328125 0.38125 0.0328125 0.0359375
0 0.6203125 0.3984375 0.0421875 0.0921875
0 0.596875 0.4046875 0.0671875 0.0375
0 0.765625 0.4453125 0.028125 0.0546875
0 0.43125 0.4625 0.025 0.046875
0 0.5953125 0.4703125 0.053125 0.0359375
0 0.7578125 0.484375 0.0546875 0.0203125
0 0.58125 0.5046875 0.0265625 0.0203125
0 0.40625 0.5046875 0.034375 0.0265625
0 0.740625 0.5265625 0.015625 0.0421875
0 0.56875 0.534375 0.05 0.0359375
0 0.60625 0.540625 0.0625 0.03125
0 0.6609375 0.5421875 0.040625 0.021875
0 0.6140625 0.54375 0.046875 0.04375
0 0.4046875 0.5609375 0.0328125 0.0515625
0 0.63125 0.565625 0.0234375 0.01875
0 0.5453125 0.5890625 0.0171875 0.021875
0 0.5078125 0.596875 0.01875 0.0578125
0 0.68125 0.615625 0.01875 0.021875
0 0.5859375 0.621875 0.01875 0.0265625
0 0.3796875 0.6265625 0.0828125 0.0703125
0 0.6296875 0.628125 0.0515625 0.0546875
0 0.55 0.6375 0.0609375 0.046875
0 0.628125 0.6390625 0.05 0.0296875
0 0.534375 0.6796875 0.0265625 0.0296875
0 0.4609375 0.7234375 0.0375 0.078125
0 0.4890625 0.7328125 0.0234375 0.0265625
0 0.3875 0.2390625 0.0265625 0.034375
0 0.425 0.240625 0.0171875 0.0234375
0 0.340625 0.2421875 0.0328125 0.0703125
0 0.521875 0.2421875 0.053125 0.0171875